C:\Users\xeny\PycharmProjects\SiriusAnalysis\venv\Scripts\python.exe C:/Users/xeny/PycharmProjects/SiriusAnalysis/MakeReport.py
D:\home\xeny\Documents\Результаты олимпиад\math
D:\home\xeny\Documents\Результаты олимпиад\math
8
[1, 1, 1, 1, 1, 1, 1, 1]
идеальное количество дипломов 737
[('1', 0.29), ('2', 0.43), ('3', 0.33), ('4', 0.17), ('5', 0.43), ('6', 0.34), ('7', 0.47), ('8', 0.27)] сложности задач: сложность:номер задачи
[('7', 0.47), ('2', 0.43), ('5', 0.43), ('6', 0.34), ('3', 0.33), ('1', 0.29), ('8', 0.27), ('4', 0.17)] look here
[0.47, 0.43, 0.43, 0.34, 0.33, 0.29, 0.27, 0.17]
[('1', 0.29), ('2', 0.43), ('3', 0.33), ('4', 0.17), ('5', 0.43), ('6', 0.34), ('7', 0.47), ('8', 0.27)] сложности задач: сложность:номер задачи
[6, 2, 5, 8, 3, 4, 1, 7]
Новое колво дипломов 652
Старое колво дипломов 492


номер итерации 1
[6, 2, 5, 8, 3, 4, 1, 7] текущие скоры, которые дают максимальное число дипломов
[6, 2, 5, 8, 3, 4, 1, 7] [6, 2, 5, 8, 3, 4, 2, 7] [6, 2, 5, 8, 3, 4, 1, 7]
652 текущий максимум дипломов


номер итерации 2
[6, 2, 5, 8, 3, 4, 1, 7] текущие скоры, которые дают максимальное число дипломов
[6, 2, 5, 8, 3, 4, 1, 7] [6, 2, 5, 8, 3, 4, 1, 10] [6, 2, 5, 8, 3, 4, 1, 6]
667 текущий максимум дипломов


номер итерации 3
[6, 2, 5, 8, 3, 4, 1, 10] текущие скоры, которые дают максимальное число дипломов
[6, 2, 5, 8, 3, 4, 1, 10] [6, 2, 5, 8, 3, 5, 1, 10] [6, 2, 5, 8, 3, 3, 1, 10]
667 текущий максимум дипломов


номер итерации 4
[6, 2, 5, 8, 3, 4, 1, 10] текущие скоры, которые дают максимальное число дипломов
[6, 2, 5, 8, 3, 4, 1, 10] [6, 2, 5, 8, 4, 4, 1, 10] [6, 2, 5, 8, 2, 4, 1, 10]
667 текущий максимум дипломов


номер итерации 5
[6, 2, 5, 8, 3, 4, 1, 10] текущие скоры, которые дают максимальное число дипломов
[6, 2, 5, 8, 3, 4, 1, 10] [6, 2, 5, 8, 3, 5, 1, 10] [6, 2, 5, 8, 3, 3, 1, 10]
667 текущий максимум дипломов


номер итерации 6
[6, 2, 5, 8, 3, 4, 1, 10] текущие скоры, которые дают максимальное число дипломов
[6, 2, 5, 8, 3, 4, 1, 10] [9, 2, 5, 8, 3, 4, 1, 10] [5, 2, 5, 8, 3, 4, 1, 10]
667 текущий максимум дипломов


номер итерации 7
[6, 2, 5, 8, 3, 4, 1, 10] текущие скоры, которые дают максимальное число дипломов
[6, 2, 5, 8, 3, 4, 1, 10] [6, 3, 5, 8, 3, 4, 1, 10] [6, 1, 5, 8, 3, 4, 1, 10]
667 текущий максимум дипломов


номер итерации 8
[6, 2, 5, 8, 3, 4, 1, 10] текущие скоры, которые дают максимальное число дипломов
[6, 2, 5, 8, 3, 4, 1, 10] [9, 2, 5, 8, 3, 4, 1, 10] [5, 2, 5, 8, 3, 4, 1, 10]
667 текущий максимум дипломов


номер итерации 9
[6, 2, 5, 8, 3, 4, 1, 10] текущие скоры, которые дают максимальное число дипломов
[6, 2, 5, 8, 3, 4, 1, 10] [6, 2, 5, 8, 4, 4, 1, 10] [6, 2, 5, 8, 2, 4, 1, 10]
667 текущий максимум дипломов


номер итерации 10
[6, 2, 5, 8, 3, 4, 1, 10] текущие скоры, которые дают максимальное число дипломов
[6, 2, 5, 8, 3, 4, 1, 10] [6, 2, 5, 8, 3, 5, 1, 10] [6, 2, 5, 8, 3, 3, 1, 10]
667 текущий максимум дипломов


номер итерации 11
[6, 2, 5, 8, 3, 4, 1, 10] текущие скоры, которые дают максимальное число дипломов
[6, 2, 5, 8, 3, 4, 1, 10] [6, 2, 5, 8, 3, 4, 1, 10] [6, 2, 5, 8, 3, 4, 1, 10]
667 текущий максимум дипломов


номер итерации 12
[6, 2, 5, 8, 3, 4, 1, 10] текущие скоры, которые дают максимальное число дипломов
[6, 2, 5, 8, 3, 4, 1, 10] [6, 2, 5, 8, 3, 6, 1, 10] [6, 2, 5, 8, 3, 3, 1, 10]
667 текущий максимум дипломов


номер итерации 13
[6, 2, 5, 8, 3, 4, 1, 10] текущие скоры, которые дают максимальное число дипломов
[6, 2, 5, 8, 3, 4, 1, 10] [6, 2, 5, 8, 3, 4, 1, 11] [6, 2, 5, 8, 3, 4, 1, 9]
709 текущий максимум дипломов


номер итерации 14
[6, 2, 5, 8, 3, 4, 1, 9] текущие скоры, которые дают максимальное число дипломов
[6, 2, 5, 8, 3, 4, 1, 9] [6, 2, 5, 8, 3, 5, 1, 9] [6, 2, 5, 8, 3, 3, 1, 9]
709 текущий максимум дипломов


номер итерации 15
[6, 2, 5, 8, 3, 4, 1, 9] текущие скоры, которые дают максимальное число дипломов
[6, 2, 5, 8, 3, 4, 1, 9] [6, 2, 5, 8, 3, 6, 1, 9] [6, 2, 5, 8, 3, 3, 1, 9]
709 текущий максимум дипломов


номер итерации 16
[6, 2, 5, 8, 3, 4, 1, 9] текущие скоры, которые дают максимальное число дипломов
[6, 2, 5, 8, 3, 4, 1, 9] [6, 3, 5, 8, 3, 4, 1, 9] [6, 1, 5, 8, 3, 4, 1, 9]
709 текущий максимум дипломов


номер итерации 17
[6, 2, 5, 8, 3, 4, 1, 9] текущие скоры, которые дают максимальное число дипломов
[6, 2, 5, 8, 3, 4, 1, 9] [6, 2, 5, 8, 3, 4, 2, 9] [6, 2, 5, 8, 3, 4, 1, 9]
709 текущий максимум дипломов


номер итерации 18
[6, 2, 5, 8, 3, 4, 1, 9] текущие скоры, которые дают максимальное число дипломов
[6, 2, 5, 8, 3, 4, 1, 9] [6, 2, 5, 8, 3, 4, 1, 10] [6, 2, 5, 8, 3, 4, 1, 8]
709 текущий максимум дипломов


номер итерации 19
[6, 2, 5, 8, 3, 4, 1, 9] текущие скоры, которые дают максимальное число дипломов
[6, 2, 5, 8, 3, 4, 1, 9] [6, 3, 5, 8, 3, 4, 1, 9] [6, 1, 5, 8, 3, 4, 1, 9]
709 текущий максимум дипломов


номер итерации 20
[6, 2, 5, 8, 3, 4, 1, 9] текущие скоры, которые дают максимальное число дипломов
[6, 2, 5, 8, 3, 4, 1, 9] [6, 2, 5, 8, 3, 4, 1, 10] [6, 2, 5, 8, 3, 4, 1, 8]
709 текущий максимум дипломов


номер итерации 21
[6, 2, 5, 8, 3, 4, 1, 9] текущие скоры, которые дают максимальное число дипломов
[6, 2, 5, 8, 3, 4, 1, 9] [6, 2, 5, 8, 3, 5, 1, 9] [6, 2, 5, 8, 3, 3, 1, 9]
709 текущий максимум дипломов


номер итерации 22
[6, 2, 5, 8, 3, 4, 1, 9] текущие скоры, которые дают максимальное число дипломов
[6, 2, 5, 8, 3, 4, 1, 9] [6, 3, 5, 8, 3, 4, 1, 9] [6, 1, 5, 8, 3, 4, 1, 9]
709 текущий максимум дипломов


номер итерации 23
[6, 2, 5, 8, 3, 4, 1, 9] текущие скоры, которые дают максимальное число дипломов
[6, 2, 5, 8, 3, 4, 1, 9] [9, 2, 5, 8, 3, 4, 1, 9] [5, 2, 5, 8, 3, 4, 1, 9]
709 текущий максимум дипломов


номер итерации 24
[6, 2, 5, 8, 3, 4, 1, 9] текущие скоры, которые дают максимальное число дипломов
[6, 2, 5, 8, 3, 4, 1, 9] [6, 2, 5, 8, 3, 5, 1, 9] [6, 2, 5, 8, 3, 3, 1, 9]
709 текущий максимум дипломов


номер итерации 25
[6, 2, 5, 8, 3, 4, 1, 9] текущие скоры, которые дают максимальное число дипломов
[6, 2, 5, 8, 3, 4, 1, 9] [6, 2, 5, 9, 3, 4, 1, 9] [6, 2, 5, 7, 3, 4, 1, 9]
709 текущий максимум дипломов


номер итерации 26
[6, 2, 5, 8, 3, 4, 1, 9] текущие скоры, которые дают максимальное число дипломов
[6, 2, 5, 8, 3, 4, 1, 9] [6, 2, 5, 8, 3, 5, 1, 9] [6, 2, 5, 8, 3, 3, 1, 9]
709 текущий максимум дипломов


номер итерации 27
[6, 2, 5, 8, 3, 4, 1, 9] текущие скоры, которые дают максимальное число дипломов
[6, 2, 5, 8, 3, 4, 1, 9] [6, 2, 5, 8, 3, 4, 1, 10] [6, 2, 5, 8, 3, 4, 1, 8]
709 текущий максимум дипломов


номер итерации 28
[6, 2, 5, 8, 3, 4, 1, 9] текущие скоры, которые дают максимальное число дипломов
[6, 2, 5, 8, 3, 4, 1, 9] [6, 2, 5, 8, 4, 4, 1, 9] [6, 2, 5, 8, 2, 4, 1, 9]
709 текущий максимум дипломов


номер итерации 29
[6, 2, 5, 8, 3, 4, 1, 9] текущие скоры, которые дают максимальное число дипломов
[6, 2, 5, 8, 3, 4, 1, 9] [6, 2, 5, 8, 3, 5, 1, 9] [6, 2, 5, 8, 3, 3, 1, 9]
709 текущий максимум дипломов


номер итерации 30
[6, 2, 5, 8, 3, 4, 1, 9] текущие скоры, которые дают максимальное число дипломов
[6, 2, 5, 8, 3, 4, 1, 9] [6, 2, 5, 8, 4, 4, 1, 9] [6, 2, 5, 8, 2, 4, 1, 9]
709 текущий максимум дипломов


номер итерации 31
[6, 2, 5, 8, 3, 4, 1, 9] текущие скоры, которые дают максимальное число дипломов
[6, 2, 5, 8, 3, 4, 1, 9] [6, 2, 5, 8, 3, 6, 1, 9] [6, 2, 5, 8, 3, 3, 1, 9]
709 текущий максимум дипломов


номер итерации 32
[6, 2, 5, 8, 3, 4, 1, 9] текущие скоры, которые дают максимальное число дипломов
[6, 2, 5, 8, 3, 4, 1, 9] [6, 2, 5, 8, 4, 4, 1, 9] [6, 2, 5, 8, 2, 4, 1, 9]
709 текущий максимум дипломов


номер итерации 33
[6, 2, 5, 8, 3, 4, 1, 9] текущие скоры, которые дают максимальное число дипломов
[6, 2, 5, 8, 3, 4, 1, 9] [6, 2, 5, 8, 3, 5, 1, 9] [6, 2, 5, 8, 3, 3, 1, 9]
709 текущий максимум дипломов


номер итерации 34
[6, 2, 5, 8, 3, 4, 1, 9] текущие скоры, которые дают максимальное число дипломов
[6, 2, 5, 8, 3, 4, 1, 9] [6, 2, 5, 9, 3, 4, 1, 9] [6, 2, 5, 7, 3, 4, 1, 9]
709 текущий максимум дипломов


номер итерации 35
[6, 2, 5, 8, 3, 4, 1, 9] текущие скоры, которые дают максимальное число дипломов
[6, 2, 5, 8, 3, 4, 1, 9] [6, 2, 5, 9, 3, 4, 1, 9] [6, 2, 5, 7, 3, 4, 1, 9]
709 текущий максимум дипломов


номер итерации 36
[6, 2, 5, 8, 3, 4, 1, 9] текущие скоры, которые дают максимальное число дипломов
[6, 2, 5, 8, 3, 4, 1, 9] [6, 2, 6, 8, 3, 4, 1, 9] [6, 2, 4, 8, 3, 4, 1, 9]
709 текущий максимум дипломов


номер итерации 37
[6, 2, 5, 8, 3, 4, 1, 9] текущие скоры, которые дают максимальное число дипломов
[6, 2, 5, 8, 3, 4, 1, 9] [6, 2, 6, 8, 3, 4, 1, 9] [6, 2, 4, 8, 3, 4, 1, 9]
709 текущий максимум дипломов


номер итерации 38
[6, 2, 5, 8, 3, 4, 1, 9] текущие скоры, которые дают максимальное число дипломов
[6, 2, 5, 8, 3, 4, 1, 9] [7, 2, 5, 8, 3, 4, 1, 9] [5, 2, 5, 8, 3, 4, 1, 9]
709 текущий максимум дипломов


номер итерации 39
[6, 2, 5, 8, 3, 4, 1, 9] текущие скоры, которые дают максимальное число дипломов
[6, 2, 5, 8, 3, 4, 1, 9] [6, 2, 5, 8, 3, 4, 1, 10] [6, 2, 5, 8, 3, 4, 1, 8]
709 текущий максимум дипломов


номер итерации 40
[6, 2, 5, 8, 3, 4, 1, 9] текущие скоры, которые дают максимальное число дипломов
[6, 2, 5, 8, 3, 4, 1, 9] [6, 3, 5, 8, 3, 4, 1, 9] [6, 1, 5, 8, 3, 4, 1, 9]
709 текущий максимум дипломов


номер итерации 41
[6, 2, 5, 8, 3, 4, 1, 9] текущие скоры, которые дают максимальное число дипломов
[6, 2, 5, 8, 3, 4, 1, 9] [6, 3, 5, 8, 3, 4, 1, 9] [6, 1, 5, 8, 3, 4, 1, 9]
709 текущий максимум дипломов


номер итерации 42
[6, 2, 5, 8, 3, 4, 1, 9] текущие скоры, которые дают максимальное число дипломов
[6, 2, 5, 8, 3, 4, 1, 9] [6, 3, 5, 8, 3, 4, 1, 9] [6, 1, 5, 8, 3, 4, 1, 9]
709 текущий максимум дипломов


номер итерации 43
[6, 2, 5, 8, 3, 4, 1, 9] текущие скоры, которые дают максимальное число дипломов
[6, 2, 5, 8, 3, 4, 1, 9] [6, 2, 5, 8, 3, 4, 1, 10] [6, 2, 5, 8, 3, 4, 1, 8]
709 текущий максимум дипломов


номер итерации 44
[6, 2, 5, 8, 3, 4, 1, 9] текущие скоры, которые дают максимальное число дипломов
[6, 2, 5, 8, 3, 4, 1, 9] [7, 2, 5, 8, 3, 4, 1, 9] [5, 2, 5, 8, 3, 4, 1, 9]
709 текущий максимум дипломов


номер итерации 45
[6, 2, 5, 8, 3, 4, 1, 9] текущие скоры, которые дают максимальное число дипломов
[6, 2, 5, 8, 3, 4, 1, 9] [7, 2, 5, 8, 3, 4, 1, 9] [5, 2, 5, 8, 3, 4, 1, 9]
709 текущий максимум дипломов


номер итерации 46
[6, 2, 5, 8, 3, 4, 1, 9] текущие скоры, которые дают максимальное число дипломов
[6, 2, 5, 8, 3, 4, 1, 9] [6, 2, 5, 8, 3, 4, 1, 10] [6, 2, 5, 8, 3, 4, 1, 8]
709 текущий максимум дипломов


номер итерации 47
[6, 2, 5, 8, 3, 4, 1, 9] текущие скоры, которые дают максимальное число дипломов
[6, 2, 5, 8, 3, 4, 1, 9] [6, 2, 5, 8, 3, 4, 1, 10] [6, 2, 5, 8, 3, 4, 1, 8]
709 текущий максимум дипломов


номер итерации 48
[6, 2, 5, 8, 3, 4, 1, 9] текущие скоры, которые дают максимальное число дипломов
[6, 2, 5, 8, 3, 4, 1, 9] [6, 2, 5, 8, 4, 4, 1, 9] [6, 2, 5, 8, 2, 4, 1, 9]
709 текущий максимум дипломов


номер итерации 49
[6, 2, 5, 8, 3, 4, 1, 9] текущие скоры, которые дают максимальное число дипломов
[6, 2, 5, 8, 3, 4, 1, 9] [6, 3, 5, 8, 3, 4, 1, 9] [6, 1, 5, 8, 3, 4, 1, 9]
709 текущий максимум дипломов


номер итерации 50
[6, 2, 5, 8, 3, 4, 1, 9] текущие скоры, которые дают максимальное число дипломов
[6, 2, 5, 8, 3, 4, 1, 9] [7, 2, 5, 8, 3, 4, 1, 9] [5, 2, 5, 8, 3, 4, 1, 9]
709 текущий максимум дипломов


номер итерации 51
[6, 2, 5, 8, 3, 4, 1, 9] текущие скоры, которые дают максимальное число дипломов
[6, 2, 5, 8, 3, 4, 1, 9] [6, 2, 5, 8, 4, 4, 1, 9] [6, 2, 5, 8, 2, 4, 1, 9]
709 текущий максимум дипломов


номер итерации 52
[6, 2, 5, 8, 3, 4, 1, 9] текущие скоры, которые дают максимальное число дипломов
[6, 2, 5, 8, 3, 4, 1, 9] [6, 3, 5, 8, 3, 4, 1, 9] [6, 1, 5, 8, 3, 4, 1, 9]
709 текущий максимум дипломов


номер итерации 53
[6, 2, 5, 8, 3, 4, 1, 9] текущие скоры, которые дают максимальное число дипломов
[6, 2, 5, 8, 3, 4, 1, 9] [6, 2, 5, 8, 4, 4, 1, 9] [6, 2, 5, 8, 2, 4, 1, 9]
709 текущий максимум дипломов


номер итерации 54
[6, 2, 5, 8, 3, 4, 1, 9] текущие скоры, которые дают максимальное число дипломов
[6, 2, 5, 8, 3, 4, 1, 9] [6, 2, 6, 8, 3, 4, 1, 9] [6, 2, 4, 8, 3, 4, 1, 9]
709 текущий максимум дипломов


номер итерации 55
[6, 2, 5, 8, 3, 4, 1, 9] текущие скоры, которые дают максимальное число дипломов
[6, 2, 5, 8, 3, 4, 1, 9] [6, 2, 5, 9, 3, 4, 1, 9] [6, 2, 5, 7, 3, 4, 1, 9]
709 текущий максимум дипломов


номер итерации 56
[6, 2, 5, 8, 3, 4, 1, 9] текущие скоры, которые дают максимальное число дипломов
[6, 2, 5, 8, 3, 4, 1, 9] [6, 2, 5, 9, 3, 4, 1, 9] [6, 2, 5, 7, 3, 4, 1, 9]
709 текущий максимум дипломов


номер итерации 57
[6, 2, 5, 8, 3, 4, 1, 9] текущие скоры, которые дают максимальное число дипломов
[6, 2, 5, 8, 3, 4, 1, 9] [6, 2, 5, 8, 3, 4, 1, 10] [6, 2, 5, 8, 3, 4, 1, 8]
709 текущий максимум дипломов


номер итерации 58
[6, 2, 5, 8, 3, 4, 1, 9] текущие скоры, которые дают максимальное число дипломов
[6, 2, 5, 8, 3, 4, 1, 9] [6, 2, 5, 9, 3, 4, 1, 9] [6, 2, 5, 7, 3, 4, 1, 9]
709 текущий максимум дипломов


номер итерации 59
[6, 2, 5, 8, 3, 4, 1, 9] текущие скоры, которые дают максимальное число дипломов
[6, 2, 5, 8, 3, 4, 1, 9] [6, 2, 5, 8, 3, 5, 1, 9] [6, 2, 5, 8, 3, 3, 1, 9]
709 текущий максимум дипломов


номер итерации 60
[6, 2, 5, 8, 3, 4, 1, 9] текущие скоры, которые дают максимальное число дипломов
[6, 2, 5, 8, 3, 4, 1, 9] [6, 2, 5, 8, 3, 5, 1, 9] [6, 2, 5, 8, 3, 3, 1, 9]
709 текущий максимум дипломов


номер итерации 61
[6, 2, 5, 8, 3, 4, 1, 9] текущие скоры, которые дают максимальное число дипломов
[6, 2, 5, 8, 3, 4, 1, 9] [6, 2, 5, 8, 3, 5, 1, 9] [6, 2, 5, 8, 3, 3, 1, 9]
709 текущий максимум дипломов


номер итерации 62
[6, 2, 5, 8, 3, 4, 1, 9] текущие скоры, которые дают максимальное число дипломов
[6, 2, 5, 8, 3, 4, 1, 9] [6, 2, 5, 9, 3, 4, 1, 9] [6, 2, 5, 7, 3, 4, 1, 9]
709 текущий максимум дипломов


номер итерации 63
[6, 2, 5, 8, 3, 4, 1, 9] текущие скоры, которые дают максимальное число дипломов
[6, 2, 5, 8, 3, 4, 1, 9] [6, 2, 5, 8, 3, 4, 2, 9] [6, 2, 5, 8, 3, 4, 1, 9]
709 текущий максимум дипломов


номер итерации 64
[6, 2, 5, 8, 3, 4, 1, 9] текущие скоры, которые дают максимальное число дипломов
[6, 2, 5, 8, 3, 4, 1, 9] [6, 2, 5, 8, 4, 4, 1, 9] [6, 2, 5, 8, 2, 4, 1, 9]
709 текущий максимум дипломов


номер итерации 65
[6, 2, 5, 8, 3, 4, 1, 9] текущие скоры, которые дают максимальное число дипломов
[6, 2, 5, 8, 3, 4, 1, 9] [6, 2, 5, 9, 3, 4, 1, 9] [6, 2, 5, 7, 3, 4, 1, 9]
709 текущий максимум дипломов


номер итерации 66
[6, 2, 5, 8, 3, 4, 1, 9] текущие скоры, которые дают максимальное число дипломов
[6, 2, 5, 8, 3, 4, 1, 9] [6, 2, 5, 8, 3, 4, 1, 10] [6, 2, 5, 8, 3, 4, 1, 8]
709 текущий максимум дипломов


номер итерации 67
[6, 2, 5, 8, 3, 4, 1, 9] текущие скоры, которые дают максимальное число дипломов
[6, 2, 5, 8, 3, 4, 1, 9] [6, 2, 5, 8, 4, 4, 1, 9] [6, 2, 5, 8, 2, 4, 1, 9]
709 текущий максимум дипломов


номер итерации 68
[6, 2, 5, 8, 3, 4, 1, 9] текущие скоры, которые дают максимальное число дипломов
[6, 2, 5, 8, 3, 4, 1, 9] [6, 2, 6, 8, 3, 4, 1, 9] [6, 2, 4, 8, 3, 4, 1, 9]
709 текущий максимум дипломов


номер итерации 69
[6, 2, 5, 8, 3, 4, 1, 9] текущие скоры, которые дают максимальное число дипломов
[6, 2, 5, 8, 3, 4, 1, 9] [6, 2, 5, 8, 4, 4, 1, 9] [6, 2, 5, 8, 2, 4, 1, 9]
709 текущий максимум дипломов


номер итерации 70
[6, 2, 5, 8, 3, 4, 1, 9] текущие скоры, которые дают максимальное число дипломов
[6, 2, 5, 8, 3, 4, 1, 9] [7, 2, 5, 8, 3, 4, 1, 9] [5, 2, 5, 8, 3, 4, 1, 9]
709 текущий максимум дипломов


номер итерации 71
[6, 2, 5, 8, 3, 4, 1, 9] текущие скоры, которые дают максимальное число дипломов
[6, 2, 5, 8, 3, 4, 1, 9] [6, 2, 5, 9, 3, 4, 1, 9] [6, 2, 5, 7, 3, 4, 1, 9]
709 текущий максимум дипломов


номер итерации 72
[6, 2, 5, 8, 3, 4, 1, 9] текущие скоры, которые дают максимальное число дипломов
[6, 2, 5, 8, 3, 4, 1, 9] [6, 2, 7, 8, 3, 4, 1, 9] [6, 2, 4, 8, 3, 4, 1, 9]
709 текущий максимум дипломов


номер итерации 73
[6, 2, 5, 8, 3, 4, 1, 9] текущие скоры, которые дают максимальное число дипломов
[6, 2, 5, 8, 3, 4, 1, 9] [6, 2, 5, 9, 3, 4, 1, 9] [6, 2, 5, 7, 3, 4, 1, 9]
709 текущий максимум дипломов


номер итерации 74
[6, 2, 5, 8, 3, 4, 1, 9] текущие скоры, которые дают максимальное число дипломов
[6, 2, 5, 8, 3, 4, 1, 9] [6, 2, 5, 8, 4, 4, 1, 9] [6, 2, 5, 8, 2, 4, 1, 9]
709 текущий максимум дипломов


номер итерации 75
[6, 2, 5, 8, 3, 4, 1, 9] текущие скоры, которые дают максимальное число дипломов
[6, 2, 5, 8, 3, 4, 1, 9] [7, 2, 5, 8, 3, 4, 1, 9] [5, 2, 5, 8, 3, 4, 1, 9]
709 текущий максимум дипломов


номер итерации 76
[6, 2, 5, 8, 3, 4, 1, 9] текущие скоры, которые дают максимальное число дипломов
[6, 2, 5, 8, 3, 4, 1, 9] [6, 2, 6, 8, 3, 4, 1, 9] [6, 2, 4, 8, 3, 4, 1, 9]
709 текущий максимум дипломов


номер итерации 77
[6, 2, 5, 8, 3, 4, 1, 9] текущие скоры, которые дают максимальное число дипломов
[6, 2, 5, 8, 3, 4, 1, 9] [7, 2, 5, 8, 3, 4, 1, 9] [5, 2, 5, 8, 3, 4, 1, 9]
709 текущий максимум дипломов


номер итерации 78
[6, 2, 5, 8, 3, 4, 1, 9] текущие скоры, которые дают максимальное число дипломов
[6, 2, 5, 8, 3, 4, 1, 9] [6, 2, 5, 8, 4, 4, 1, 9] [6, 2, 5, 8, 2, 4, 1, 9]
709 текущий максимум дипломов


номер итерации 79
[6, 2, 5, 8, 3, 4, 1, 9] текущие скоры, которые дают максимальное число дипломов
[6, 2, 5, 8, 3, 4, 1, 9] [6, 2, 5, 8, 4, 4, 1, 9] [6, 2, 5, 8, 2, 4, 1, 9]
709 текущий максимум дипломов


номер итерации 80
[6, 2, 5, 8, 3, 4, 1, 9] текущие скоры, которые дают максимальное число дипломов
[6, 2, 5, 8, 3, 4, 1, 9] [7, 2, 5, 8, 3, 4, 1, 9] [5, 2, 5, 8, 3, 4, 1, 9]
709 текущий максимум дипломов


номер итерации 81
[6, 2, 5, 8, 3, 4, 1, 9] текущие скоры, которые дают максимальное число дипломов
[6, 2, 5, 8, 3, 4, 1, 9] [6, 2, 5, 8, 3, 5, 1, 9] [6, 2, 5, 8, 3, 3, 1, 9]
709 текущий максимум дипломов


номер итерации 82
[6, 2, 5, 8, 3, 4, 1, 9] текущие скоры, которые дают максимальное число дипломов
[6, 2, 5, 8, 3, 4, 1, 9] [6, 2, 5, 8, 4, 4, 1, 9] [6, 2, 5, 8, 2, 4, 1, 9]
yes
709 текущий максимум дипломов


номер итерации 83
[12, 4, 10, 16, 6, 8, 2, 18] текущие скоры, которые дают максимальное число дипломов
[12, 4, 10, 16, 6, 8, 2, 18] [12, 4, 10, 16, 7, 8, 2, 18] [12, 4, 10, 16, 5, 8, 2, 18]
709 текущий максимум дипломов


номер итерации 84
[12, 4, 10, 16, 6, 8, 2, 18] текущие скоры, которые дают максимальное число дипломов
[12, 4, 10, 16, 6, 8, 2, 18] [12, 4, 10, 16, 6, 8, 2, 19] [12, 4, 10, 16, 6, 8, 2, 17]
709 текущий максимум дипломов


номер итерации 85
[12, 4, 10, 16, 6, 8, 2, 17] текущие скоры, которые дают максимальное число дипломов
[12, 4, 10, 16, 6, 8, 2, 17] [13, 4, 10, 16, 6, 8, 2, 17] [11, 4, 10, 16, 6, 8, 2, 17]
709 текущий максимум дипломов


номер итерации 86
[12, 4, 10, 16, 6, 8, 2, 17] текущие скоры, которые дают максимальное число дипломов
[12, 4, 10, 16, 6, 8, 2, 17] [12, 5, 10, 16, 6, 8, 2, 17] [12, 3, 10, 16, 6, 8, 2, 17]
709 текущий максимум дипломов


номер итерации 87
[12, 4, 10, 16, 6, 8, 2, 17] текущие скоры, которые дают максимальное число дипломов
[12, 4, 10, 16, 6, 8, 2, 17] [12, 5, 10, 16, 6, 8, 2, 17] [12, 3, 10, 16, 6, 8, 2, 17]
709 текущий максимум дипломов


номер итерации 88
[12, 4, 10, 16, 6, 8, 2, 17] текущие скоры, которые дают максимальное число дипломов
[12, 4, 10, 16, 6, 8, 2, 17] [12, 4, 10, 16, 6, 8, 3, 17] [12, 4, 10, 16, 6, 8, 1, 17]
709 текущий максимум дипломов


номер итерации 89
[12, 4, 10, 16, 6, 8, 2, 17] текущие скоры, которые дают максимальное число дипломов
[12, 4, 10, 16, 6, 8, 2, 17] [12, 4, 10, 17, 6, 8, 2, 17] [12, 4, 10, 15, 6, 8, 2, 17]
709 текущий максимум дипломов


номер итерации 90
[12, 4, 10, 16, 6, 8, 2, 17] текущие скоры, которые дают максимальное число дипломов
[12, 4, 10, 16, 6, 8, 2, 17] [12, 4, 10, 16, 6, 8, 2, 18] [12, 4, 10, 16, 6, 8, 2, 16]
709 текущий максимум дипломов


номер итерации 91
[12, 4, 10, 16, 6, 8, 2, 17] текущие скоры, которые дают максимальное число дипломов
[12, 4, 10, 16, 6, 8, 2, 17] [12, 4, 11, 16, 6, 8, 2, 17] [12, 4, 9, 16, 6, 8, 2, 17]
709 текущий максимум дипломов


номер итерации 92
[12, 4, 10, 16, 6, 8, 2, 17] текущие скоры, которые дают максимальное число дипломов
[12, 4, 10, 16, 6, 8, 2, 17] [12, 4, 10, 16, 6, 8, 3, 17] [12, 4, 10, 16, 6, 8, 1, 17]
709 текущий максимум дипломов


номер итерации 93
[12, 4, 10, 16, 6, 8, 2, 17] текущие скоры, которые дают максимальное число дипломов
[12, 4, 10, 16, 6, 8, 2, 17] [12, 4, 10, 17, 6, 8, 2, 17] [12, 4, 10, 15, 6, 8, 2, 17]
709 текущий максимум дипломов


номер итерации 94
[12, 4, 10, 16, 6, 8, 2, 17] текущие скоры, которые дают максимальное число дипломов
[12, 4, 10, 16, 6, 8, 2, 17] [13, 4, 10, 16, 6, 8, 2, 17] [11, 4, 10, 16, 6, 8, 2, 17]
709 текущий максимум дипломов


номер итерации 95
[12, 4, 10, 16, 6, 8, 2, 17] текущие скоры, которые дают максимальное число дипломов
[12, 4, 10, 16, 6, 8, 2, 17] [12, 4, 11, 16, 6, 8, 2, 17] [12, 4, 9, 16, 6, 8, 2, 17]
709 текущий максимум дипломов


номер итерации 96
[12, 4, 10, 16, 6, 8, 2, 17] текущие скоры, которые дают максимальное число дипломов
[12, 4, 10, 16, 6, 8, 2, 17] [12, 5, 10, 16, 6, 8, 2, 17] [12, 3, 10, 16, 6, 8, 2, 17]
709 текущий максимум дипломов


номер итерации 97
[12, 4, 10, 16, 6, 8, 2, 17] текущие скоры, которые дают максимальное число дипломов
[12, 4, 10, 16, 6, 8, 2, 17] [12, 4, 10, 16, 7, 8, 2, 17] [12, 4, 10, 16, 5, 8, 2, 17]
709 текущий максимум дипломов


номер итерации 98
[12, 4, 10, 16, 6, 8, 2, 17] текущие скоры, которые дают максимальное число дипломов
[12, 4, 10, 16, 6, 8, 2, 17] [12, 4, 10, 16, 6, 9, 2, 17] [12, 4, 10, 16, 6, 7, 2, 17]
709 текущий максимум дипломов


номер итерации 99
[12, 4, 10, 16, 6, 8, 2, 17] текущие скоры, которые дают максимальное число дипломов
[12, 4, 10, 16, 6, 8, 2, 17] [12, 5, 10, 16, 6, 8, 2, 17] [12, 3, 10, 16, 6, 8, 2, 17]
709 текущий максимум дипломов


номер итерации 100
[12, 4, 10, 16, 6, 8, 2, 17] текущие скоры, которые дают максимальное число дипломов
[12, 4, 10, 16, 6, 8, 2, 17] [12, 4, 10, 16, 7, 8, 2, 17] [12, 4, 10, 16, 5, 8, 2, 17]
709 текущий максимум дипломов


номер итерации 101
[12, 4, 10, 16, 6, 8, 2, 17] текущие скоры, которые дают максимальное число дипломов
[12, 4, 10, 16, 6, 8, 2, 17] [12, 4, 10, 16, 7, 8, 2, 17] [12, 4, 10, 16, 5, 8, 2, 17]
709 текущий максимум дипломов


номер итерации 102
[12, 4, 10, 16, 6, 8, 2, 17] текущие скоры, которые дают максимальное число дипломов
[12, 4, 10, 16, 6, 8, 2, 17] [12, 4, 10, 16, 9, 8, 2, 17] [12, 4, 10, 16, 5, 8, 2, 17]
709 текущий максимум дипломов


номер итерации 103
[12, 4, 10, 16, 6, 8, 2, 17] текущие скоры, которые дают максимальное число дипломов
[12, 4, 10, 16, 6, 8, 2, 17] [12, 4, 10, 16, 6, 9, 2, 17] [12, 4, 10, 16, 6, 7, 2, 17]
709 текущий максимум дипломов


номер итерации 104
[12, 4, 10, 16, 6, 8, 2, 17] текущие скоры, которые дают максимальное число дипломов
[12, 4, 10, 16, 6, 8, 2, 17] [13, 4, 10, 16, 6, 8, 2, 17] [11, 4, 10, 16, 6, 8, 2, 17]
709 текущий максимум дипломов


номер итерации 105
[12, 4, 10, 16, 6, 8, 2, 17] текущие скоры, которые дают максимальное число дипломов
[12, 4, 10, 16, 6, 8, 2, 17] [12, 4, 11, 16, 6, 8, 2, 17] [12, 4, 9, 16, 6, 8, 2, 17]
709 текущий максимум дипломов


номер итерации 106
[12, 4, 10, 16, 6, 8, 2, 17] текущие скоры, которые дают максимальное число дипломов
[12, 4, 10, 16, 6, 8, 2, 17] [12, 4, 11, 16, 6, 8, 2, 17] [12, 4, 9, 16, 6, 8, 2, 17]
709 текущий максимум дипломов


номер итерации 107
[12, 4, 10, 16, 6, 8, 2, 17] текущие скоры, которые дают максимальное число дипломов
[12, 4, 10, 16, 6, 8, 2, 17] [12, 4, 11, 16, 6, 8, 2, 17] [12, 4, 9, 16, 6, 8, 2, 17]
709 текущий максимум дипломов


номер итерации 108
[12, 4, 10, 16, 6, 8, 2, 17] текущие скоры, которые дают максимальное число дипломов
[12, 4, 10, 16, 6, 8, 2, 17] [12, 6, 10, 16, 6, 8, 2, 17] [12, 3, 10, 16, 6, 8, 2, 17]
709 текущий максимум дипломов


номер итерации 109
[12, 4, 10, 16, 6, 8, 2, 17] текущие скоры, которые дают максимальное число дипломов
[12, 4, 10, 16, 6, 8, 2, 17] [12, 4, 10, 17, 6, 8, 2, 17] [12, 4, 10, 15, 6, 8, 2, 17]
709 текущий максимум дипломов


номер итерации 110
[12, 4, 10, 16, 6, 8, 2, 17] текущие скоры, которые дают максимальное число дипломов
[12, 4, 10, 16, 6, 8, 2, 17] [12, 4, 11, 16, 6, 8, 2, 17] [12, 4, 9, 16, 6, 8, 2, 17]
709 текущий максимум дипломов


номер итерации 111
[12, 4, 10, 16, 6, 8, 2, 17] текущие скоры, которые дают максимальное число дипломов
[12, 4, 10, 16, 6, 8, 2, 17] [12, 4, 10, 16, 6, 9, 2, 17] [12, 4, 10, 16, 6, 7, 2, 17]
709 текущий максимум дипломов


номер итерации 112
[12, 4, 10, 16, 6, 8, 2, 17] текущие скоры, которые дают максимальное число дипломов
[12, 4, 10, 16, 6, 8, 2, 17] [12, 4, 10, 17, 6, 8, 2, 17] [12, 4, 10, 15, 6, 8, 2, 17]
709 текущий максимум дипломов


номер итерации 113
[12, 4, 10, 16, 6, 8, 2, 17] текущие скоры, которые дают максимальное число дипломов
[12, 4, 10, 16, 6, 8, 2, 17] [12, 4, 10, 17, 6, 8, 2, 17] [12, 4, 10, 15, 6, 8, 2, 17]
709 текущий максимум дипломов


номер итерации 114
[12, 4, 10, 16, 6, 8, 2, 17] текущие скоры, которые дают максимальное число дипломов
[12, 4, 10, 16, 6, 8, 2, 17] [13, 4, 10, 16, 6, 8, 2, 17] [11, 4, 10, 16, 6, 8, 2, 17]
709 текущий максимум дипломов


номер итерации 115
[12, 4, 10, 16, 6, 8, 2, 17] текущие скоры, которые дают максимальное число дипломов
[12, 4, 10, 16, 6, 8, 2, 17] [12, 4, 10, 16, 6, 12, 2, 17] [12, 4, 10, 16, 6, 7, 2, 17]
709 текущий максимум дипломов


номер итерации 116
[12, 4, 10, 16, 6, 8, 2, 17] текущие скоры, которые дают максимальное число дипломов
[12, 4, 10, 16, 6, 8, 2, 17] [12, 4, 10, 17, 6, 8, 2, 17] [12, 4, 10, 15, 6, 8, 2, 17]
709 текущий максимум дипломов


номер итерации 117
[12, 4, 10, 16, 6, 8, 2, 17] текущие скоры, которые дают максимальное число дипломов
[12, 4, 10, 16, 6, 8, 2, 17] [12, 4, 10, 17, 6, 8, 2, 17] [12, 4, 10, 15, 6, 8, 2, 17]
709 текущий максимум дипломов


номер итерации 118
[12, 4, 10, 16, 6, 8, 2, 17] текущие скоры, которые дают максимальное число дипломов
[12, 4, 10, 16, 6, 8, 2, 17] [13, 4, 10, 16, 6, 8, 2, 17] [11, 4, 10, 16, 6, 8, 2, 17]
709 текущий максимум дипломов


номер итерации 119
[12, 4, 10, 16, 6, 8, 2, 17] текущие скоры, которые дают максимальное число дипломов
[12, 4, 10, 16, 6, 8, 2, 17] [12, 4, 10, 24, 6, 8, 2, 17] [12, 4, 10, 15, 6, 8, 2, 17]
709 текущий максимум дипломов


номер итерации 120
[12, 4, 10, 16, 6, 8, 2, 17] текущие скоры, которые дают максимальное число дипломов
[12, 4, 10, 16, 6, 8, 2, 17] [12, 4, 10, 16, 6, 9, 2, 17] [12, 4, 10, 16, 6, 7, 2, 17]
709 текущий максимум дипломов


номер итерации 121
[12, 4, 10, 16, 6, 8, 2, 17] текущие скоры, которые дают максимальное число дипломов
[12, 4, 10, 16, 6, 8, 2, 17] [12, 4, 11, 16, 6, 8, 2, 17] [12, 4, 9, 16, 6, 8, 2, 17]
709 текущий максимум дипломов


номер итерации 122
[12, 4, 10, 16, 6, 8, 2, 17] текущие скоры, которые дают максимальное число дипломов
[12, 4, 10, 16, 6, 8, 2, 17] [12, 4, 10, 17, 6, 8, 2, 17] [12, 4, 10, 15, 6, 8, 2, 17]
709 текущий максимум дипломов


номер итерации 123
[12, 4, 10, 16, 6, 8, 2, 17] текущие скоры, которые дают максимальное число дипломов
[12, 4, 10, 16, 6, 8, 2, 17] [12, 4, 10, 16, 6, 8, 3, 17] [12, 4, 10, 16, 6, 8, 1, 17]
709 текущий максимум дипломов


номер итерации 124
[12, 4, 10, 16, 6, 8, 2, 17] текущие скоры, которые дают максимальное число дипломов
[12, 4, 10, 16, 6, 8, 2, 17] [12, 4, 10, 16, 6, 8, 3, 17] [12, 4, 10, 16, 6, 8, 1, 17]
709 текущий максимум дипломов


номер итерации 125
[12, 4, 10, 16, 6, 8, 2, 17] текущие скоры, которые дают максимальное число дипломов
[12, 4, 10, 16, 6, 8, 2, 17] [12, 5, 10, 16, 6, 8, 2, 17] [12, 3, 10, 16, 6, 8, 2, 17]
709 текущий максимум дипломов


номер итерации 126
[12, 4, 10, 16, 6, 8, 2, 17] текущие скоры, которые дают максимальное число дипломов
[12, 4, 10, 16, 6, 8, 2, 17] [12, 4, 10, 17, 6, 8, 2, 17] [12, 4, 10, 15, 6, 8, 2, 17]
709 текущий максимум дипломов


номер итерации 127
[12, 4, 10, 16, 6, 8, 2, 17] текущие скоры, которые дают максимальное число дипломов
[12, 4, 10, 16, 6, 8, 2, 17] [12, 4, 10, 16, 9, 8, 2, 17] [12, 4, 10, 16, 5, 8, 2, 17]
709 текущий максимум дипломов


номер итерации 128
[12, 4, 10, 16, 6, 8, 2, 17] текущие скоры, которые дают максимальное число дипломов
[12, 4, 10, 16, 6, 8, 2, 17] [12, 6, 10, 16, 6, 8, 2, 17] [12, 3, 10, 16, 6, 8, 2, 17]
709 текущий максимум дипломов


номер итерации 129
[12, 4, 10, 16, 6, 8, 2, 17] текущие скоры, которые дают максимальное число дипломов
[12, 4, 10, 16, 6, 8, 2, 17] [12, 4, 10, 16, 6, 8, 2, 18] [12, 4, 10, 16, 6, 8, 2, 16]
709 текущий максимум дипломов


номер итерации 130
[12, 4, 10, 16, 6, 8, 2, 17] текущие скоры, которые дают максимальное число дипломов
[12, 4, 10, 16, 6, 8, 2, 17] [13, 4, 10, 16, 6, 8, 2, 17] [11, 4, 10, 16, 6, 8, 2, 17]
709 текущий максимум дипломов


номер итерации 131
[12, 4, 10, 16, 6, 8, 2, 17] текущие скоры, которые дают максимальное число дипломов
[12, 4, 10, 16, 6, 8, 2, 17] [12, 5, 10, 16, 6, 8, 2, 17] [12, 3, 10, 16, 6, 8, 2, 17]
709 текущий максимум дипломов


номер итерации 132
[12, 4, 10, 16, 6, 8, 2, 17] текущие скоры, которые дают максимальное число дипломов
[12, 4, 10, 16, 6, 8, 2, 17] [12, 4, 10, 16, 6, 8, 2, 18] [12, 4, 10, 16, 6, 8, 2, 16]
709 текущий максимум дипломов


номер итерации 133
[12, 4, 10, 16, 6, 8, 2, 17] текущие скоры, которые дают максимальное число дипломов
[12, 4, 10, 16, 6, 8, 2, 17] [12, 4, 10, 17, 6, 8, 2, 17] [12, 4, 10, 15, 6, 8, 2, 17]
709 текущий максимум дипломов


номер итерации 134
[12, 4, 10, 16, 6, 8, 2, 17] текущие скоры, которые дают максимальное число дипломов
[12, 4, 10, 16, 6, 8, 2, 17] [12, 5, 10, 16, 6, 8, 2, 17] [12, 3, 10, 16, 6, 8, 2, 17]
709 текущий максимум дипломов


номер итерации 135
[12, 4, 10, 16, 6, 8, 2, 17] текущие скоры, которые дают максимальное число дипломов
[12, 4, 10, 16, 6, 8, 2, 17] [12, 4, 11, 16, 6, 8, 2, 17] [12, 4, 9, 16, 6, 8, 2, 17]
709 текущий максимум дипломов


номер итерации 136
[12, 4, 10, 16, 6, 8, 2, 17] текущие скоры, которые дают максимальное число дипломов
[12, 4, 10, 16, 6, 8, 2, 17] [12, 4, 10, 16, 6, 8, 3, 17] [12, 4, 10, 16, 6, 8, 1, 17]
709 текущий максимум дипломов


номер итерации 137
[12, 4, 10, 16, 6, 8, 2, 17] текущие скоры, которые дают максимальное число дипломов
[12, 4, 10, 16, 6, 8, 2, 17] [12, 5, 10, 16, 6, 8, 2, 17] [12, 3, 10, 16, 6, 8, 2, 17]
709 текущий максимум дипломов


номер итерации 138
[12, 4, 10, 16, 6, 8, 2, 17] текущие скоры, которые дают максимальное число дипломов
[12, 4, 10, 16, 6, 8, 2, 17] [12, 4, 10, 16, 6, 8, 3, 17] [12, 4, 10, 16, 6, 8, 1, 17]
709 текущий максимум дипломов


номер итерации 139
[12, 4, 10, 16, 6, 8, 2, 17] текущие скоры, которые дают максимальное число дипломов
[12, 4, 10, 16, 6, 8, 2, 17] [12, 4, 10, 16, 6, 8, 2, 18] [12, 4, 10, 16, 6, 8, 2, 16]
709 текущий максимум дипломов


номер итерации 140
[12, 4, 10, 16, 6, 8, 2, 17] текущие скоры, которые дают максимальное число дипломов
[12, 4, 10, 16, 6, 8, 2, 17] [12, 4, 10, 16, 6, 8, 2, 18] [12, 4, 10, 16, 6, 8, 2, 16]
709 текущий максимум дипломов


номер итерации 141
[12, 4, 10, 16, 6, 8, 2, 17] текущие скоры, которые дают максимальное число дипломов
[12, 4, 10, 16, 6, 8, 2, 17] [12, 5, 10, 16, 6, 8, 2, 17] [12, 3, 10, 16, 6, 8, 2, 17]
709 текущий максимум дипломов


номер итерации 142
[12, 4, 10, 16, 6, 8, 2, 17] текущие скоры, которые дают максимальное число дипломов
[12, 4, 10, 16, 6, 8, 2, 17] [12, 4, 10, 16, 7, 8, 2, 17] [12, 4, 10, 16, 5, 8, 2, 17]
709 текущий максимум дипломов


номер итерации 143
[12, 4, 10, 16, 6, 8, 2, 17] текущие скоры, которые дают максимальное число дипломов
[12, 4, 10, 16, 6, 8, 2, 17] [12, 4, 10, 16, 6, 8, 2, 18] [12, 4, 10, 16, 6, 8, 2, 16]
709 текущий максимум дипломов


номер итерации 144
[12, 4, 10, 16, 6, 8, 2, 17] текущие скоры, которые дают максимальное число дипломов
[12, 4, 10, 16, 6, 8, 2, 17] [12, 4, 10, 16, 6, 8, 3, 17] [12, 4, 10, 16, 6, 8, 1, 17]
709 текущий максимум дипломов


номер итерации 145
[12, 4, 10, 16, 6, 8, 2, 17] текущие скоры, которые дают максимальное число дипломов
[12, 4, 10, 16, 6, 8, 2, 17] [12, 4, 10, 16, 6, 9, 2, 17] [12, 4, 10, 16, 6, 7, 2, 17]
709 текущий максимум дипломов


номер итерации 146
[12, 4, 10, 16, 6, 8, 2, 17] текущие скоры, которые дают максимальное число дипломов
[12, 4, 10, 16, 6, 8, 2, 17] [12, 4, 10, 16, 7, 8, 2, 17] [12, 4, 10, 16, 5, 8, 2, 17]
709 текущий максимум дипломов


номер итерации 147
[12, 4, 10, 16, 6, 8, 2, 17] текущие скоры, которые дают максимальное число дипломов
[12, 4, 10, 16, 6, 8, 2, 17] [13, 4, 10, 16, 6, 8, 2, 17] [11, 4, 10, 16, 6, 8, 2, 17]
709 текущий максимум дипломов


номер итерации 148
[12, 4, 10, 16, 6, 8, 2, 17] текущие скоры, которые дают максимальное число дипломов
[12, 4, 10, 16, 6, 8, 2, 17] [12, 5, 10, 16, 6, 8, 2, 17] [12, 3, 10, 16, 6, 8, 2, 17]
709 текущий максимум дипломов


номер итерации 149
[12, 4, 10, 16, 6, 8, 2, 17] текущие скоры, которые дают максимальное число дипломов
[12, 4, 10, 16, 6, 8, 2, 17] [13, 4, 10, 16, 6, 8, 2, 17] [11, 4, 10, 16, 6, 8, 2, 17]
709 текущий максимум дипломов


номер итерации 150
[12, 4, 10, 16, 6, 8, 2, 17] текущие скоры, которые дают максимальное число дипломов
[12, 4, 10, 16, 6, 8, 2, 17] [12, 4, 11, 16, 6, 8, 2, 17] [12, 4, 9, 16, 6, 8, 2, 17]
709 текущий максимум дипломов


номер итерации 151
[12, 4, 10, 16, 6, 8, 2, 17] текущие скоры, которые дают максимальное число дипломов
[12, 4, 10, 16, 6, 8, 2, 17] [12, 4, 10, 16, 6, 9, 2, 17] [12, 4, 10, 16, 6, 7, 2, 17]
709 текущий максимум дипломов


номер итерации 152
[12, 4, 10, 16, 6, 8, 2, 17] текущие скоры, которые дают максимальное число дипломов
[12, 4, 10, 16, 6, 8, 2, 17] [12, 4, 10, 16, 6, 9, 2, 17] [12, 4, 10, 16, 6, 7, 2, 17]
709 текущий максимум дипломов


номер итерации 153
[12, 4, 10, 16, 6, 8, 2, 17] текущие скоры, которые дают максимальное число дипломов
[12, 4, 10, 16, 6, 8, 2, 17] [12, 4, 10, 16, 6, 8, 2, 18] [12, 4, 10, 16, 6, 8, 2, 16]
709 текущий максимум дипломов


номер итерации 154
[12, 4, 10, 16, 6, 8, 2, 17] текущие скоры, которые дают максимальное число дипломов
[12, 4, 10, 16, 6, 8, 2, 17] [12, 4, 10, 16, 7, 8, 2, 17] [12, 4, 10, 16, 5, 8, 2, 17]
709 текущий максимум дипломов


номер итерации 155
[12, 4, 10, 16, 6, 8, 2, 17] текущие скоры, которые дают максимальное число дипломов
[12, 4, 10, 16, 6, 8, 2, 17] [12, 4, 10, 16, 6, 8, 3, 17] [12, 4, 10, 16, 6, 8, 1, 17]
709 текущий максимум дипломов


номер итерации 156
[12, 4, 10, 16, 6, 8, 2, 17] текущие скоры, которые дают максимальное число дипломов
[12, 4, 10, 16, 6, 8, 2, 17] [13, 4, 10, 16, 6, 8, 2, 17] [11, 4, 10, 16, 6, 8, 2, 17]
709 текущий максимум дипломов


номер итерации 157
[12, 4, 10, 16, 6, 8, 2, 17] текущие скоры, которые дают максимальное число дипломов
[12, 4, 10, 16, 6, 8, 2, 17] [12, 4, 10, 16, 7, 8, 2, 17] [12, 4, 10, 16, 5, 8, 2, 17]
709 текущий максимум дипломов


номер итерации 158
[12, 4, 10, 16, 6, 8, 2, 17] текущие скоры, которые дают максимальное число дипломов
[12, 4, 10, 16, 6, 8, 2, 17] [12, 5, 10, 16, 6, 8, 2, 17] [12, 3, 10, 16, 6, 8, 2, 17]
709 текущий максимум дипломов


номер итерации 159
[12, 4, 10, 16, 6, 8, 2, 17] текущие скоры, которые дают максимальное число дипломов
[12, 4, 10, 16, 6, 8, 2, 17] [12, 4, 10, 16, 6, 8, 2, 18] [12, 4, 10, 16, 6, 8, 2, 16]
709 текущий максимум дипломов


номер итерации 160
[12, 4, 10, 16, 6, 8, 2, 17] текущие скоры, которые дают максимальное число дипломов
[12, 4, 10, 16, 6, 8, 2, 17] [12, 5, 10, 16, 6, 8, 2, 17] [12, 3, 10, 16, 6, 8, 2, 17]
709 текущий максимум дипломов


номер итерации 161
[12, 4, 10, 16, 6, 8, 2, 17] текущие скоры, которые дают максимальное число дипломов
[12, 4, 10, 16, 6, 8, 2, 17] [12, 4, 10, 16, 6, 9, 2, 17] [12, 4, 10, 16, 6, 7, 2, 17]
709 текущий максимум дипломов


номер итерации 162
[12, 4, 10, 16, 6, 8, 2, 17] текущие скоры, которые дают максимальное число дипломов
[12, 4, 10, 16, 6, 8, 2, 17] [12, 4, 10, 16, 6, 12, 2, 17] [12, 4, 10, 16, 6, 7, 2, 17]
yes
709 текущий максимум дипломов


номер итерации 163
[24, 8, 20, 32, 12, 16, 4, 34] текущие скоры, которые дают максимальное число дипломов
[24, 8, 20, 32, 12, 16, 4, 34] [25, 8, 20, 32, 12, 16, 4, 34] [23, 8, 20, 32, 12, 16, 4, 34]
709 текущий максимум дипломов


номер итерации 164
[24, 8, 20, 32, 12, 16, 4, 34] текущие скоры, которые дают максимальное число дипломов
[24, 8, 20, 32, 12, 16, 4, 34] [24, 8, 20, 32, 12, 16, 5, 34] [24, 8, 20, 32, 12, 16, 3, 34]
709 текущий максимум дипломов


номер итерации 165
[24, 8, 20, 32, 12, 16, 4, 34] текущие скоры, которые дают максимальное число дипломов
[24, 8, 20, 32, 12, 16, 4, 34] [24, 8, 20, 32, 12, 17, 4, 34] [24, 8, 20, 32, 12, 15, 4, 34]
709 текущий максимум дипломов


номер итерации 166
[24, 8, 20, 32, 12, 16, 4, 34] текущие скоры, которые дают максимальное число дипломов
[24, 8, 20, 32, 12, 16, 4, 34] [24, 9, 20, 32, 12, 16, 4, 34] [24, 7, 20, 32, 12, 16, 4, 34]
709 текущий максимум дипломов


номер итерации 167
[24, 8, 20, 32, 12, 16, 4, 34] текущие скоры, которые дают максимальное число дипломов
[24, 8, 20, 32, 12, 16, 4, 34] [25, 8, 20, 32, 12, 16, 4, 34] [23, 8, 20, 32, 12, 16, 4, 34]
709 текущий максимум дипломов


номер итерации 168
[24, 8, 20, 32, 12, 16, 4, 34] текущие скоры, которые дают максимальное число дипломов
[24, 8, 20, 32, 12, 16, 4, 34] [24, 8, 20, 32, 12, 16, 4, 35] [24, 8, 20, 32, 12, 16, 4, 33]
709 текущий максимум дипломов


номер итерации 169
[24, 8, 20, 32, 12, 16, 4, 33] текущие скоры, которые дают максимальное число дипломов
[24, 8, 20, 32, 12, 16, 4, 33] [24, 8, 20, 32, 12, 16, 6, 33] [24, 8, 20, 32, 12, 16, 3, 33]
709 текущий максимум дипломов


номер итерации 170
[24, 8, 20, 32, 12, 16, 4, 33] текущие скоры, которые дают максимальное число дипломов
[24, 8, 20, 32, 12, 16, 4, 33] [24, 8, 30, 32, 12, 16, 4, 33] [24, 8, 19, 32, 12, 16, 4, 33]
709 текущий максимум дипломов


номер итерации 171
[24, 8, 20, 32, 12, 16, 4, 33] текущие скоры, которые дают максимальное число дипломов
[24, 8, 20, 32, 12, 16, 4, 33] [24, 8, 20, 32, 12, 17, 4, 33] [24, 8, 20, 32, 12, 15, 4, 33]
709 текущий максимум дипломов


номер итерации 172
[24, 8, 20, 32, 12, 16, 4, 33] текущие скоры, которые дают максимальное число дипломов
[24, 8, 20, 32, 12, 16, 4, 33] [24, 8, 20, 32, 12, 17, 4, 33] [24, 8, 20, 32, 12, 15, 4, 33]
709 текущий максимум дипломов


номер итерации 173
[24, 8, 20, 32, 12, 16, 4, 33] текущие скоры, которые дают максимальное число дипломов
[24, 8, 20, 32, 12, 16, 4, 33] [25, 8, 20, 32, 12, 16, 4, 33] [23, 8, 20, 32, 12, 16, 4, 33]
709 текущий максимум дипломов


номер итерации 174
[24, 8, 20, 32, 12, 16, 4, 33] текущие скоры, которые дают максимальное число дипломов
[24, 8, 20, 32, 12, 16, 4, 33] [24, 8, 20, 32, 12, 16, 4, 34] [24, 8, 20, 32, 12, 16, 4, 32]
709 текущий максимум дипломов


номер итерации 175
[24, 8, 20, 32, 12, 16, 4, 33] текущие скоры, которые дают максимальное число дипломов
[24, 8, 20, 32, 12, 16, 4, 33] [24, 8, 20, 33, 12, 16, 4, 33] [24, 8, 20, 31, 12, 16, 4, 33]
709 текущий максимум дипломов


номер итерации 176
[24, 8, 20, 32, 12, 16, 4, 33] текущие скоры, которые дают максимальное число дипломов
[24, 8, 20, 32, 12, 16, 4, 33] [24, 8, 20, 32, 12, 17, 4, 33] [24, 8, 20, 32, 12, 15, 4, 33]
709 текущий максимум дипломов


номер итерации 177
[24, 8, 20, 32, 12, 16, 4, 33] текущие скоры, которые дают максимальное число дипломов
[24, 8, 20, 32, 12, 16, 4, 33] [24, 8, 20, 32, 13, 16, 4, 33] [24, 8, 20, 32, 11, 16, 4, 33]
709 текущий максимум дипломов


номер итерации 178
[24, 8, 20, 32, 12, 16, 4, 33] текущие скоры, которые дают максимальное число дипломов
[24, 8, 20, 32, 12, 16, 4, 33] [24, 8, 20, 33, 12, 16, 4, 33] [24, 8, 20, 31, 12, 16, 4, 33]
709 текущий максимум дипломов


номер итерации 179
[24, 8, 20, 32, 12, 16, 4, 33] текущие скоры, которые дают максимальное число дипломов
[24, 8, 20, 32, 12, 16, 4, 33] [24, 8, 20, 32, 12, 16, 4, 34] [24, 8, 20, 32, 12, 16, 4, 32]
709 текущий максимум дипломов


номер итерации 180
[24, 8, 20, 32, 12, 16, 4, 33] текущие скоры, которые дают максимальное число дипломов
[24, 8, 20, 32, 12, 16, 4, 33] [24, 9, 20, 32, 12, 16, 4, 33] [24, 7, 20, 32, 12, 16, 4, 33]
709 текущий максимум дипломов


номер итерации 181
[24, 8, 20, 32, 12, 16, 4, 33] текущие скоры, которые дают максимальное число дипломов
[24, 8, 20, 32, 12, 16, 4, 33] [24, 8, 20, 32, 12, 16, 5, 33] [24, 8, 20, 32, 12, 16, 3, 33]
709 текущий максимум дипломов


номер итерации 182
[24, 8, 20, 32, 12, 16, 4, 33] текущие скоры, которые дают максимальное число дипломов
[24, 8, 20, 32, 12, 16, 4, 33] [24, 8, 20, 32, 12, 16, 4, 34] [24, 8, 20, 32, 12, 16, 4, 32]
709 текущий максимум дипломов


номер итерации 183
[24, 8, 20, 32, 12, 16, 4, 33] текущие скоры, которые дают максимальное число дипломов
[24, 8, 20, 32, 12, 16, 4, 33] [24, 8, 20, 32, 13, 16, 4, 33] [24, 8, 20, 32, 11, 16, 4, 33]
709 текущий максимум дипломов


номер итерации 184
[24, 8, 20, 32, 12, 16, 4, 33] текущие скоры, которые дают максимальное число дипломов
[24, 8, 20, 32, 12, 16, 4, 33] [24, 9, 20, 32, 12, 16, 4, 33] [24, 7, 20, 32, 12, 16, 4, 33]
709 текущий максимум дипломов


номер итерации 185
[24, 8, 20, 32, 12, 16, 4, 33] текущие скоры, которые дают максимальное число дипломов
[24, 8, 20, 32, 12, 16, 4, 33] [24, 9, 20, 32, 12, 16, 4, 33] [24, 7, 20, 32, 12, 16, 4, 33]
709 текущий максимум дипломов


номер итерации 186
[24, 8, 20, 32, 12, 16, 4, 33] текущие скоры, которые дают максимальное число дипломов
[24, 8, 20, 32, 12, 16, 4, 33] [25, 8, 20, 32, 12, 16, 4, 33] [23, 8, 20, 32, 12, 16, 4, 33]
709 текущий максимум дипломов


номер итерации 187
[24, 8, 20, 32, 12, 16, 4, 33] текущие скоры, которые дают максимальное число дипломов
[24, 8, 20, 32, 12, 16, 4, 33] [24, 8, 21, 32, 12, 16, 4, 33] [24, 8, 19, 32, 12, 16, 4, 33]
709 текущий максимум дипломов


номер итерации 188
[24, 8, 20, 32, 12, 16, 4, 33] текущие скоры, которые дают максимальное число дипломов
[24, 8, 20, 32, 12, 16, 4, 33] [24, 8, 20, 32, 12, 16, 4, 34] [24, 8, 20, 32, 12, 16, 4, 32]
709 текущий максимум дипломов


номер итерации 189
[24, 8, 20, 32, 12, 16, 4, 33] текущие скоры, которые дают максимальное число дипломов
[24, 8, 20, 32, 12, 16, 4, 33] [24, 8, 21, 32, 12, 16, 4, 33] [24, 8, 19, 32, 12, 16, 4, 33]
709 текущий максимум дипломов


номер итерации 190
[24, 8, 20, 32, 12, 16, 4, 33] текущие скоры, которые дают максимальное число дипломов
[24, 8, 20, 32, 12, 16, 4, 33] [25, 8, 20, 32, 12, 16, 4, 33] [23, 8, 20, 32, 12, 16, 4, 33]
709 текущий максимум дипломов


номер итерации 191
[24, 8, 20, 32, 12, 16, 4, 33] текущие скоры, которые дают максимальное число дипломов
[24, 8, 20, 32, 12, 16, 4, 33] [24, 8, 21, 32, 12, 16, 4, 33] [24, 8, 19, 32, 12, 16, 4, 33]
709 текущий максимум дипломов


номер итерации 192
[24, 8, 20, 32, 12, 16, 4, 33] текущие скоры, которые дают максимальное число дипломов
[24, 8, 20, 32, 12, 16, 4, 33] [25, 8, 20, 32, 12, 16, 4, 33] [23, 8, 20, 32, 12, 16, 4, 33]
709 текущий максимум дипломов


номер итерации 193
[24, 8, 20, 32, 12, 16, 4, 33] текущие скоры, которые дают максимальное число дипломов
[24, 8, 20, 32, 12, 16, 4, 33] [25, 8, 20, 32, 12, 16, 4, 33] [23, 8, 20, 32, 12, 16, 4, 33]
709 текущий максимум дипломов


номер итерации 194
[24, 8, 20, 32, 12, 16, 4, 33] текущие скоры, которые дают максимальное число дипломов
[24, 8, 20, 32, 12, 16, 4, 33] [24, 8, 20, 32, 13, 16, 4, 33] [24, 8, 20, 32, 11, 16, 4, 33]
709 текущий максимум дипломов


номер итерации 195
[24, 8, 20, 32, 12, 16, 4, 33] текущие скоры, которые дают максимальное число дипломов
[24, 8, 20, 32, 12, 16, 4, 33] [24, 9, 20, 32, 12, 16, 4, 33] [24, 7, 20, 32, 12, 16, 4, 33]
709 текущий максимум дипломов


номер итерации 196
[24, 8, 20, 32, 12, 16, 4, 33] текущие скоры, которые дают максимальное число дипломов
[24, 8, 20, 32, 12, 16, 4, 33] [24, 8, 20, 33, 12, 16, 4, 33] [24, 8, 20, 31, 12, 16, 4, 33]
709 текущий максимум дипломов


номер итерации 197
[24, 8, 20, 32, 12, 16, 4, 33] текущие скоры, которые дают максимальное число дипломов
[24, 8, 20, 32, 12, 16, 4, 33] [24, 8, 21, 32, 12, 16, 4, 33] [24, 8, 19, 32, 12, 16, 4, 33]
709 текущий максимум дипломов


номер итерации 198
[24, 8, 20, 32, 12, 16, 4, 33] текущие скоры, которые дают максимальное число дипломов
[24, 8, 20, 32, 12, 16, 4, 33] [24, 8, 20, 48, 12, 16, 4, 33] [24, 8, 20, 31, 12, 16, 4, 33]
709 текущий максимум дипломов


номер итерации 199
[24, 8, 20, 32, 12, 16, 4, 33] текущие скоры, которые дают максимальное число дипломов
[24, 8, 20, 32, 12, 16, 4, 33] [24, 8, 20, 33, 12, 16, 4, 33] [24, 8, 20, 31, 12, 16, 4, 33]
709 текущий максимум дипломов


номер итерации 200
[24, 8, 20, 32, 12, 16, 4, 33] текущие скоры, которые дают максимальное число дипломов
[24, 8, 20, 32, 12, 16, 4, 33] [24, 8, 20, 32, 12, 17, 4, 33] [24, 8, 20, 32, 12, 15, 4, 33]
709 текущий максимум дипломов


номер итерации 201
[24, 8, 20, 32, 12, 16, 4, 33] текущие скоры, которые дают максимальное число дипломов
[24, 8, 20, 32, 12, 16, 4, 33] [24, 8, 20, 32, 12, 24, 4, 33] [24, 8, 20, 32, 12, 15, 4, 33]
709 текущий максимум дипломов


номер итерации 202
[24, 8, 20, 32, 12, 16, 4, 33] текущие скоры, которые дают максимальное число дипломов
[24, 8, 20, 32, 12, 16, 4, 33] [24, 8, 20, 33, 12, 16, 4, 33] [24, 8, 20, 31, 12, 16, 4, 33]
709 текущий максимум дипломов


номер итерации 203
[24, 8, 20, 32, 12, 16, 4, 33] текущие скоры, которые дают максимальное число дипломов
[24, 8, 20, 32, 12, 16, 4, 33] [24, 8, 20, 32, 12, 16, 5, 33] [24, 8, 20, 32, 12, 16, 3, 33]
709 текущий максимум дипломов


номер итерации 204
[24, 8, 20, 32, 12, 16, 4, 33] текущие скоры, которые дают максимальное число дипломов
[24, 8, 20, 32, 12, 16, 4, 33] [24, 8, 20, 32, 13, 16, 4, 33] [24, 8, 20, 32, 11, 16, 4, 33]
709 текущий максимум дипломов


номер итерации 205
[24, 8, 20, 32, 12, 16, 4, 33] текущие скоры, которые дают максимальное число дипломов
[24, 8, 20, 32, 12, 16, 4, 33] [24, 8, 20, 32, 13, 16, 4, 33] [24, 8, 20, 32, 11, 16, 4, 33]
709 текущий максимум дипломов


номер итерации 206
[24, 8, 20, 32, 12, 16, 4, 33] текущие скоры, которые дают максимальное число дипломов
[24, 8, 20, 32, 12, 16, 4, 33] [24, 9, 20, 32, 12, 16, 4, 33] [24, 7, 20, 32, 12, 16, 4, 33]
709 текущий максимум дипломов


номер итерации 207
[24, 8, 20, 32, 12, 16, 4, 33] текущие скоры, которые дают максимальное число дипломов
[24, 8, 20, 32, 12, 16, 4, 33] [24, 8, 30, 32, 12, 16, 4, 33] [24, 8, 19, 32, 12, 16, 4, 33]
709 текущий максимум дипломов


номер итерации 208
[24, 8, 20, 32, 12, 16, 4, 33] текущие скоры, которые дают максимальное число дипломов
[24, 8, 20, 32, 12, 16, 4, 33] [24, 8, 20, 32, 12, 16, 5, 33] [24, 8, 20, 32, 12, 16, 3, 33]
709 текущий максимум дипломов


номер итерации 209
[24, 8, 20, 32, 12, 16, 4, 33] текущие скоры, которые дают максимальное число дипломов
[24, 8, 20, 32, 12, 16, 4, 33] [24, 9, 20, 32, 12, 16, 4, 33] [24, 7, 20, 32, 12, 16, 4, 33]
709 текущий максимум дипломов


номер итерации 210
[24, 8, 20, 32, 12, 16, 4, 33] текущие скоры, которые дают максимальное число дипломов
[24, 8, 20, 32, 12, 16, 4, 33] [24, 9, 20, 32, 12, 16, 4, 33] [24, 7, 20, 32, 12, 16, 4, 33]
709 текущий максимум дипломов


номер итерации 211
[24, 8, 20, 32, 12, 16, 4, 33] текущие скоры, которые дают максимальное число дипломов
[24, 8, 20, 32, 12, 16, 4, 33] [24, 8, 20, 32, 12, 24, 4, 33] [24, 8, 20, 32, 12, 15, 4, 33]
709 текущий максимум дипломов


номер итерации 212
[24, 8, 20, 32, 12, 16, 4, 33] текущие скоры, которые дают максимальное число дипломов
[24, 8, 20, 32, 12, 16, 4, 33] [24, 8, 20, 32, 13, 16, 4, 33] [24, 8, 20, 32, 11, 16, 4, 33]
709 текущий максимум дипломов


номер итерации 213
[24, 8, 20, 32, 12, 16, 4, 33] текущие скоры, которые дают максимальное число дипломов
[24, 8, 20, 32, 12, 16, 4, 33] [24, 8, 21, 32, 12, 16, 4, 33] [24, 8, 19, 32, 12, 16, 4, 33]
709 текущий максимум дипломов


номер итерации 214
[24, 8, 20, 32, 12, 16, 4, 33] текущие скоры, которые дают максимальное число дипломов
[24, 8, 20, 32, 12, 16, 4, 33] [24, 8, 20, 32, 12, 16, 4, 34] [24, 8, 20, 32, 12, 16, 4, 32]
709 текущий максимум дипломов


номер итерации 215
[24, 8, 20, 32, 12, 16, 4, 33] текущие скоры, которые дают максимальное число дипломов
[24, 8, 20, 32, 12, 16, 4, 33] [24, 8, 20, 33, 12, 16, 4, 33] [24, 8, 20, 31, 12, 16, 4, 33]
709 текущий максимум дипломов


номер итерации 216
[24, 8, 20, 32, 12, 16, 4, 33] текущие скоры, которые дают максимальное число дипломов
[24, 8, 20, 32, 12, 16, 4, 33] [24, 8, 20, 32, 18, 16, 4, 33] [24, 8, 20, 32, 11, 16, 4, 33]
709 текущий максимум дипломов


номер итерации 217
[24, 8, 20, 32, 12, 16, 4, 33] текущие скоры, которые дают максимальное число дипломов
[24, 8, 20, 32, 12, 16, 4, 33] [24, 8, 20, 32, 12, 17, 4, 33] [24, 8, 20, 32, 12, 15, 4, 33]
709 текущий максимум дипломов


номер итерации 218
[24, 8, 20, 32, 12, 16, 4, 33] текущие скоры, которые дают максимальное число дипломов
[24, 8, 20, 32, 12, 16, 4, 33] [24, 8, 20, 33, 12, 16, 4, 33] [24, 8, 20, 31, 12, 16, 4, 33]
709 текущий максимум дипломов


номер итерации 219
[24, 8, 20, 32, 12, 16, 4, 33] текущие скоры, которые дают максимальное число дипломов
[24, 8, 20, 32, 12, 16, 4, 33] [24, 8, 20, 32, 12, 16, 5, 33] [24, 8, 20, 32, 12, 16, 3, 33]
709 текущий максимум дипломов


номер итерации 220
[24, 8, 20, 32, 12, 16, 4, 33] текущие скоры, которые дают максимальное число дипломов
[24, 8, 20, 32, 12, 16, 4, 33] [24, 8, 20, 32, 13, 16, 4, 33] [24, 8, 20, 32, 11, 16, 4, 33]
709 текущий максимум дипломов


номер итерации 221
[24, 8, 20, 32, 12, 16, 4, 33] текущие скоры, которые дают максимальное число дипломов
[24, 8, 20, 32, 12, 16, 4, 33] [24, 8, 20, 32, 13, 16, 4, 33] [24, 8, 20, 32, 11, 16, 4, 33]
709 текущий максимум дипломов


номер итерации 222
[24, 8, 20, 32, 12, 16, 4, 33] текущие скоры, которые дают максимальное число дипломов
[24, 8, 20, 32, 12, 16, 4, 33] [25, 8, 20, 32, 12, 16, 4, 33] [23, 8, 20, 32, 12, 16, 4, 33]
709 текущий максимум дипломов


номер итерации 223
[24, 8, 20, 32, 12, 16, 4, 33] текущие скоры, которые дают максимальное число дипломов
[24, 8, 20, 32, 12, 16, 4, 33] [24, 9, 20, 32, 12, 16, 4, 33] [24, 7, 20, 32, 12, 16, 4, 33]
709 текущий максимум дипломов


номер итерации 224
[24, 8, 20, 32, 12, 16, 4, 33] текущие скоры, которые дают максимальное число дипломов
[24, 8, 20, 32, 12, 16, 4, 33] [24, 8, 20, 33, 12, 16, 4, 33] [24, 8, 20, 31, 12, 16, 4, 33]
709 текущий максимум дипломов


номер итерации 225
[24, 8, 20, 32, 12, 16, 4, 33] текущие скоры, которые дают максимальное число дипломов
[24, 8, 20, 32, 12, 16, 4, 33] [24, 8, 21, 32, 12, 16, 4, 33] [24, 8, 19, 32, 12, 16, 4, 33]
709 текущий максимум дипломов


номер итерации 226
[24, 8, 20, 32, 12, 16, 4, 33] текущие скоры, которые дают максимальное число дипломов
[24, 8, 20, 32, 12, 16, 4, 33] [24, 8, 20, 32, 12, 16, 5, 33] [24, 8, 20, 32, 12, 16, 3, 33]
709 текущий максимум дипломов


номер итерации 227
[24, 8, 20, 32, 12, 16, 4, 33] текущие скоры, которые дают максимальное число дипломов
[24, 8, 20, 32, 12, 16, 4, 33] [24, 8, 20, 32, 13, 16, 4, 33] [24, 8, 20, 32, 11, 16, 4, 33]
709 текущий максимум дипломов


номер итерации 228
[24, 8, 20, 32, 12, 16, 4, 33] текущие скоры, которые дают максимальное число дипломов
[24, 8, 20, 32, 12, 16, 4, 33] [24, 8, 20, 32, 12, 16, 5, 33] [24, 8, 20, 32, 12, 16, 3, 33]
709 текущий максимум дипломов


номер итерации 229
[24, 8, 20, 32, 12, 16, 4, 33] текущие скоры, которые дают максимальное число дипломов
[24, 8, 20, 32, 12, 16, 4, 33] [24, 8, 20, 32, 12, 17, 4, 33] [24, 8, 20, 32, 12, 15, 4, 33]
709 текущий максимум дипломов


номер итерации 230
[24, 8, 20, 32, 12, 16, 4, 33] текущие скоры, которые дают максимальное число дипломов
[24, 8, 20, 32, 12, 16, 4, 33] [24, 8, 20, 32, 12, 17, 4, 33] [24, 8, 20, 32, 12, 15, 4, 33]
709 текущий максимум дипломов


номер итерации 231
[24, 8, 20, 32, 12, 16, 4, 33] текущие скоры, которые дают максимальное число дипломов
[24, 8, 20, 32, 12, 16, 4, 33] [24, 9, 20, 32, 12, 16, 4, 33] [24, 7, 20, 32, 12, 16, 4, 33]
709 текущий максимум дипломов


номер итерации 232
[24, 8, 20, 32, 12, 16, 4, 33] текущие скоры, которые дают максимальное число дипломов
[24, 8, 20, 32, 12, 16, 4, 33] [24, 8, 20, 32, 12, 17, 4, 33] [24, 8, 20, 32, 12, 15, 4, 33]
709 текущий максимум дипломов


номер итерации 233
[24, 8, 20, 32, 12, 16, 4, 33] текущие скоры, которые дают максимальное число дипломов
[24, 8, 20, 32, 12, 16, 4, 33] [25, 8, 20, 32, 12, 16, 4, 33] [23, 8, 20, 32, 12, 16, 4, 33]
709 текущий максимум дипломов


номер итерации 234
[24, 8, 20, 32, 12, 16, 4, 33] текущие скоры, которые дают максимальное число дипломов
[24, 8, 20, 32, 12, 16, 4, 33] [24, 8, 20, 48, 12, 16, 4, 33] [24, 8, 20, 31, 12, 16, 4, 33]
709 текущий максимум дипломов


номер итерации 235
[24, 8, 20, 32, 12, 16, 4, 33] текущие скоры, которые дают максимальное число дипломов
[24, 8, 20, 32, 12, 16, 4, 33] [24, 8, 20, 33, 12, 16, 4, 33] [24, 8, 20, 31, 12, 16, 4, 33]
709 текущий максимум дипломов


номер итерации 236
[24, 8, 20, 32, 12, 16, 4, 33] текущие скоры, которые дают максимальное число дипломов
[24, 8, 20, 32, 12, 16, 4, 33] [24, 8, 21, 32, 12, 16, 4, 33] [24, 8, 19, 32, 12, 16, 4, 33]
709 текущий максимум дипломов


номер итерации 237
[24, 8, 20, 32, 12, 16, 4, 33] текущие скоры, которые дают максимальное число дипломов
[24, 8, 20, 32, 12, 16, 4, 33] [24, 8, 20, 32, 13, 16, 4, 33] [24, 8, 20, 32, 11, 16, 4, 33]
709 текущий максимум дипломов


номер итерации 238
[24, 8, 20, 32, 12, 16, 4, 33] текущие скоры, которые дают максимальное число дипломов
[24, 8, 20, 32, 12, 16, 4, 33] [24, 8, 21, 32, 12, 16, 4, 33] [24, 8, 19, 32, 12, 16, 4, 33]
709 текущий максимум дипломов


номер итерации 239
[24, 8, 20, 32, 12, 16, 4, 33] текущие скоры, которые дают максимальное число дипломов
[24, 8, 20, 32, 12, 16, 4, 33] [24, 8, 20, 32, 12, 16, 5, 33] [24, 8, 20, 32, 12, 16, 3, 33]
709 текущий максимум дипломов


номер итерации 240
[24, 8, 20, 32, 12, 16, 4, 33] текущие скоры, которые дают максимальное число дипломов
[24, 8, 20, 32, 12, 16, 4, 33] [24, 9, 20, 32, 12, 16, 4, 33] [24, 7, 20, 32, 12, 16, 4, 33]
709 текущий максимум дипломов


номер итерации 241
[24, 8, 20, 32, 12, 16, 4, 33] текущие скоры, которые дают максимальное число дипломов
[24, 8, 20, 32, 12, 16, 4, 33] [24, 8, 20, 32, 12, 16, 4, 34] [24, 8, 20, 32, 12, 16, 4, 32]
709 текущий максимум дипломов


номер итерации 242
[24, 8, 20, 32, 12, 16, 4, 33] текущие скоры, которые дают максимальное число дипломов
[24, 8, 20, 32, 12, 16, 4, 33] [25, 8, 20, 32, 12, 16, 4, 33] [23, 8, 20, 32, 12, 16, 4, 33]
yes
709 текущий максимум дипломов


номер итерации 243
[48, 16, 40, 64, 24, 32, 8, 66] текущие скоры, которые дают максимальное число дипломов
[48, 16, 40, 64, 24, 32, 8, 66] [48, 16, 40, 64, 24, 32, 8, 67] [48, 16, 40, 64, 24, 32, 8, 65]
709 текущий максимум дипломов


номер итерации 244
[48, 16, 40, 64, 24, 32, 8, 65] текущие скоры, которые дают максимальное число дипломов
[48, 16, 40, 64, 24, 32, 8, 65] [48, 24, 40, 64, 24, 32, 8, 65] [48, 15, 40, 64, 24, 32, 8, 65]
709 текущий максимум дипломов


номер итерации 245
[48, 16, 40, 64, 24, 32, 8, 65] текущие скоры, которые дают максимальное число дипломов
[48, 16, 40, 64, 24, 32, 8, 65] [48, 16, 41, 64, 24, 32, 8, 65] [48, 16, 39, 64, 24, 32, 8, 65]
709 текущий максимум дипломов


номер итерации 246
[48, 16, 40, 64, 24, 32, 8, 65] текущие скоры, которые дают максимальное число дипломов
[48, 16, 40, 64, 24, 32, 8, 65] [48, 16, 40, 64, 25, 32, 8, 65] [48, 16, 40, 64, 23, 32, 8, 65]
709 текущий максимум дипломов


номер итерации 247
[48, 16, 40, 64, 24, 32, 8, 65] текущие скоры, которые дают максимальное число дипломов
[48, 16, 40, 64, 24, 32, 8, 65] [48, 16, 40, 64, 24, 32, 8, 66] [48, 16, 40, 64, 24, 32, 8, 64]
709 текущий максимум дипломов


номер итерации 248
[48, 16, 40, 64, 24, 32, 8, 65] текущие скоры, которые дают максимальное число дипломов
[48, 16, 40, 64, 24, 32, 8, 65] [48, 16, 41, 64, 24, 32, 8, 65] [48, 16, 39, 64, 24, 32, 8, 65]
709 текущий максимум дипломов


номер итерации 249
[48, 16, 40, 64, 24, 32, 8, 65] текущие скоры, которые дают максимальное число дипломов
[48, 16, 40, 64, 24, 32, 8, 65] [49, 16, 40, 64, 24, 32, 8, 65] [47, 16, 40, 64, 24, 32, 8, 65]
709 текущий максимум дипломов


номер итерации 250
[48, 16, 40, 64, 24, 32, 8, 65] текущие скоры, которые дают максимальное число дипломов
[48, 16, 40, 64, 24, 32, 8, 65] [48, 16, 40, 64, 24, 48, 8, 65] [48, 16, 40, 64, 24, 31, 8, 65]
709 текущий максимум дипломов


номер итерации 251
[48, 16, 40, 64, 24, 32, 8, 65] текущие скоры, которые дают максимальное число дипломов
[48, 16, 40, 64, 24, 32, 8, 65] [49, 16, 40, 64, 24, 32, 8, 65] [47, 16, 40, 64, 24, 32, 8, 65]
709 текущий максимум дипломов


номер итерации 252
[48, 16, 40, 64, 24, 32, 8, 65] текущие скоры, которые дают максимальное число дипломов
[48, 16, 40, 64, 24, 32, 8, 65] [48, 16, 40, 64, 24, 32, 8, 66] [48, 16, 40, 64, 24, 32, 8, 64]
709 текущий максимум дипломов


номер итерации 253
[48, 16, 40, 64, 24, 32, 8, 65] текущие скоры, которые дают максимальное число дипломов
[48, 16, 40, 64, 24, 32, 8, 65] [48, 16, 40, 64, 25, 32, 8, 65] [48, 16, 40, 64, 23, 32, 8, 65]
709 текущий максимум дипломов


номер итерации 254
[48, 16, 40, 64, 24, 32, 8, 65] текущие скоры, которые дают максимальное число дипломов
[48, 16, 40, 64, 24, 32, 8, 65] [48, 16, 41, 64, 24, 32, 8, 65] [48, 16, 39, 64, 24, 32, 8, 65]
709 текущий максимум дипломов


номер итерации 255
[48, 16, 40, 64, 24, 32, 8, 65] текущие скоры, которые дают максимальное число дипломов
[48, 16, 40, 64, 24, 32, 8, 65] [72, 16, 40, 64, 24, 32, 8, 65] [47, 16, 40, 64, 24, 32, 8, 65]
709 текущий максимум дипломов


номер итерации 256
[48, 16, 40, 64, 24, 32, 8, 65] текущие скоры, которые дают максимальное число дипломов
[48, 16, 40, 64, 24, 32, 8, 65] [48, 24, 40, 64, 24, 32, 8, 65] [48, 15, 40, 64, 24, 32, 8, 65]
709 текущий максимум дипломов


номер итерации 257
[48, 16, 40, 64, 24, 32, 8, 65] текущие скоры, которые дают максимальное число дипломов
[48, 16, 40, 64, 24, 32, 8, 65] [48, 16, 40, 65, 24, 32, 8, 65] [48, 16, 40, 63, 24, 32, 8, 65]
709 текущий максимум дипломов


номер итерации 258
[48, 16, 40, 64, 24, 32, 8, 65] текущие скоры, которые дают максимальное число дипломов
[48, 16, 40, 64, 24, 32, 8, 65] [48, 17, 40, 64, 24, 32, 8, 65] [48, 15, 40, 64, 24, 32, 8, 65]
709 текущий максимум дипломов


номер итерации 259
[48, 16, 40, 64, 24, 32, 8, 65] текущие скоры, которые дают максимальное число дипломов
[48, 16, 40, 64, 24, 32, 8, 65] [49, 16, 40, 64, 24, 32, 8, 65] [47, 16, 40, 64, 24, 32, 8, 65]
709 текущий максимум дипломов


номер итерации 260
[48, 16, 40, 64, 24, 32, 8, 65] текущие скоры, которые дают максимальное число дипломов
[48, 16, 40, 64, 24, 32, 8, 65] [48, 16, 40, 64, 24, 32, 8, 66] [48, 16, 40, 64, 24, 32, 8, 64]
709 текущий максимум дипломов


номер итерации 261
[48, 16, 40, 64, 24, 32, 8, 65] текущие скоры, которые дают максимальное число дипломов
[48, 16, 40, 64, 24, 32, 8, 65] [48, 16, 40, 64, 24, 32, 9, 65] [48, 16, 40, 64, 24, 32, 7, 65]
709 текущий максимум дипломов


номер итерации 262
[48, 16, 40, 64, 24, 32, 8, 65] текущие скоры, которые дают максимальное число дипломов
[48, 16, 40, 64, 24, 32, 8, 65] [48, 16, 40, 65, 24, 32, 8, 65] [48, 16, 40, 63, 24, 32, 8, 65]
709 текущий максимум дипломов


номер итерации 263
[48, 16, 40, 64, 24, 32, 8, 65] текущие скоры, которые дают максимальное число дипломов
[48, 16, 40, 64, 24, 32, 8, 65] [48, 16, 40, 65, 24, 32, 8, 65] [48, 16, 40, 63, 24, 32, 8, 65]
709 текущий максимум дипломов


номер итерации 264
[48, 16, 40, 64, 24, 32, 8, 65] текущие скоры, которые дают максимальное число дипломов
[48, 16, 40, 64, 24, 32, 8, 65] [48, 16, 41, 64, 24, 32, 8, 65] [48, 16, 39, 64, 24, 32, 8, 65]
709 текущий максимум дипломов


номер итерации 265
[48, 16, 40, 64, 24, 32, 8, 65] текущие скоры, которые дают максимальное число дипломов
[48, 16, 40, 64, 24, 32, 8, 65] [48, 16, 40, 65, 24, 32, 8, 65] [48, 16, 40, 63, 24, 32, 8, 65]
709 текущий максимум дипломов


номер итерации 266
[48, 16, 40, 64, 24, 32, 8, 65] текущие скоры, которые дают максимальное число дипломов
[48, 16, 40, 64, 24, 32, 8, 65] [48, 16, 40, 64, 24, 32, 8, 97] [48, 16, 40, 64, 24, 32, 8, 64]
709 текущий максимум дипломов


номер итерации 267
[48, 16, 40, 64, 24, 32, 8, 65] текущие скоры, которые дают максимальное число дипломов
[48, 16, 40, 64, 24, 32, 8, 65] [48, 16, 40, 64, 24, 33, 8, 65] [48, 16, 40, 64, 24, 31, 8, 65]
709 текущий максимум дипломов


номер итерации 268
[48, 16, 40, 64, 24, 32, 8, 65] текущие скоры, которые дают максимальное число дипломов
[48, 16, 40, 64, 24, 32, 8, 65] [48, 16, 40, 64, 24, 33, 8, 65] [48, 16, 40, 64, 24, 31, 8, 65]
709 текущий максимум дипломов


номер итерации 269
[48, 16, 40, 64, 24, 32, 8, 65] текущие скоры, которые дают максимальное число дипломов
[48, 16, 40, 64, 24, 32, 8, 65] [48, 16, 41, 64, 24, 32, 8, 65] [48, 16, 39, 64, 24, 32, 8, 65]
709 текущий максимум дипломов


номер итерации 270
[48, 16, 40, 64, 24, 32, 8, 65] текущие скоры, которые дают максимальное число дипломов
[48, 16, 40, 64, 24, 32, 8, 65] [49, 16, 40, 64, 24, 32, 8, 65] [47, 16, 40, 64, 24, 32, 8, 65]
709 текущий максимум дипломов


номер итерации 271
[48, 16, 40, 64, 24, 32, 8, 65] текущие скоры, которые дают максимальное число дипломов
[48, 16, 40, 64, 24, 32, 8, 65] [48, 16, 40, 65, 24, 32, 8, 65] [48, 16, 40, 63, 24, 32, 8, 65]
709 текущий максимум дипломов


номер итерации 272
[48, 16, 40, 64, 24, 32, 8, 65] текущие скоры, которые дают максимальное число дипломов
[48, 16, 40, 64, 24, 32, 8, 65] [48, 16, 40, 65, 24, 32, 8, 65] [48, 16, 40, 63, 24, 32, 8, 65]
709 текущий максимум дипломов


номер итерации 273
[48, 16, 40, 64, 24, 32, 8, 65] текущие скоры, которые дают максимальное число дипломов
[48, 16, 40, 64, 24, 32, 8, 65] [48, 16, 40, 64, 24, 32, 9, 65] [48, 16, 40, 64, 24, 32, 7, 65]
709 текущий максимум дипломов


номер итерации 274
[48, 16, 40, 64, 24, 32, 8, 65] текущие скоры, которые дают максимальное число дипломов
[48, 16, 40, 64, 24, 32, 8, 65] [48, 17, 40, 64, 24, 32, 8, 65] [48, 15, 40, 64, 24, 32, 8, 65]
709 текущий максимум дипломов


номер итерации 275
[48, 16, 40, 64, 24, 32, 8, 65] текущие скоры, которые дают максимальное число дипломов
[48, 16, 40, 64, 24, 32, 8, 65] [48, 16, 40, 64, 24, 32, 9, 65] [48, 16, 40, 64, 24, 32, 7, 65]
709 текущий максимум дипломов


номер итерации 276
[48, 16, 40, 64, 24, 32, 8, 65] текущие скоры, которые дают максимальное число дипломов
[48, 16, 40, 64, 24, 32, 8, 65] [49, 16, 40, 64, 24, 32, 8, 65] [47, 16, 40, 64, 24, 32, 8, 65]
709 текущий максимум дипломов


номер итерации 277
[48, 16, 40, 64, 24, 32, 8, 65] текущие скоры, которые дают максимальное число дипломов
[48, 16, 40, 64, 24, 32, 8, 65] [48, 17, 40, 64, 24, 32, 8, 65] [48, 15, 40, 64, 24, 32, 8, 65]
709 текущий максимум дипломов


номер итерации 278
[48, 16, 40, 64, 24, 32, 8, 65] текущие скоры, которые дают максимальное число дипломов
[48, 16, 40, 64, 24, 32, 8, 65] [49, 16, 40, 64, 24, 32, 8, 65] [47, 16, 40, 64, 24, 32, 8, 65]
709 текущий максимум дипломов


номер итерации 279
[48, 16, 40, 64, 24, 32, 8, 65] текущие скоры, которые дают максимальное число дипломов
[48, 16, 40, 64, 24, 32, 8, 65] [48, 16, 40, 64, 24, 32, 8, 66] [48, 16, 40, 64, 24, 32, 8, 64]
709 текущий максимум дипломов


номер итерации 280
[48, 16, 40, 64, 24, 32, 8, 65] текущие скоры, которые дают максимальное число дипломов
[48, 16, 40, 64, 24, 32, 8, 65] [48, 16, 41, 64, 24, 32, 8, 65] [48, 16, 39, 64, 24, 32, 8, 65]
709 текущий максимум дипломов


номер итерации 281
[48, 16, 40, 64, 24, 32, 8, 65] текущие скоры, которые дают максимальное число дипломов
[48, 16, 40, 64, 24, 32, 8, 65] [48, 16, 40, 64, 25, 32, 8, 65] [48, 16, 40, 64, 23, 32, 8, 65]
709 текущий максимум дипломов


номер итерации 282
[48, 16, 40, 64, 24, 32, 8, 65] текущие скоры, которые дают максимальное число дипломов
[48, 16, 40, 64, 24, 32, 8, 65] [48, 17, 40, 64, 24, 32, 8, 65] [48, 15, 40, 64, 24, 32, 8, 65]
709 текущий максимум дипломов


номер итерации 283
[48, 16, 40, 64, 24, 32, 8, 65] текущие скоры, которые дают максимальное число дипломов
[48, 16, 40, 64, 24, 32, 8, 65] [48, 16, 40, 65, 24, 32, 8, 65] [48, 16, 40, 63, 24, 32, 8, 65]
709 текущий максимум дипломов


номер итерации 284
[48, 16, 40, 64, 24, 32, 8, 65] текущие скоры, которые дают максимальное число дипломов
[48, 16, 40, 64, 24, 32, 8, 65] [48, 16, 40, 64, 25, 32, 8, 65] [48, 16, 40, 64, 23, 32, 8, 65]
709 текущий максимум дипломов


номер итерации 285
[48, 16, 40, 64, 24, 32, 8, 65] текущие скоры, которые дают максимальное число дипломов
[48, 16, 40, 64, 24, 32, 8, 65] [48, 16, 40, 64, 24, 32, 12, 65] [48, 16, 40, 64, 24, 32, 7, 65]
709 текущий максимум дипломов


номер итерации 286
[48, 16, 40, 64, 24, 32, 8, 65] текущие скоры, которые дают максимальное число дипломов
[48, 16, 40, 64, 24, 32, 8, 65] [48, 17, 40, 64, 24, 32, 8, 65] [48, 15, 40, 64, 24, 32, 8, 65]
709 текущий максимум дипломов


номер итерации 287
[48, 16, 40, 64, 24, 32, 8, 65] текущие скоры, которые дают максимальное число дипломов
[48, 16, 40, 64, 24, 32, 8, 65] [48, 24, 40, 64, 24, 32, 8, 65] [48, 15, 40, 64, 24, 32, 8, 65]
709 текущий максимум дипломов


номер итерации 288
[48, 16, 40, 64, 24, 32, 8, 65] текущие скоры, которые дают максимальное число дипломов
[48, 16, 40, 64, 24, 32, 8, 65] [48, 16, 40, 64, 24, 33, 8, 65] [48, 16, 40, 64, 24, 31, 8, 65]
709 текущий максимум дипломов


номер итерации 289
[48, 16, 40, 64, 24, 32, 8, 65] текущие скоры, которые дают максимальное число дипломов
[48, 16, 40, 64, 24, 32, 8, 65] [48, 16, 40, 64, 24, 32, 8, 66] [48, 16, 40, 64, 24, 32, 8, 64]
709 текущий максимум дипломов


номер итерации 290
[48, 16, 40, 64, 24, 32, 8, 65] текущие скоры, которые дают максимальное число дипломов
[48, 16, 40, 64, 24, 32, 8, 65] [48, 16, 60, 64, 24, 32, 8, 65] [48, 16, 39, 64, 24, 32, 8, 65]
709 текущий максимум дипломов


номер итерации 291
[48, 16, 40, 64, 24, 32, 8, 65] текущие скоры, которые дают максимальное число дипломов
[48, 16, 40, 64, 24, 32, 8, 65] [48, 16, 40, 64, 24, 33, 8, 65] [48, 16, 40, 64, 24, 31, 8, 65]
709 текущий максимум дипломов


номер итерации 292
[48, 16, 40, 64, 24, 32, 8, 65] текущие скоры, которые дают максимальное число дипломов
[48, 16, 40, 64, 24, 32, 8, 65] [48, 16, 40, 64, 24, 32, 8, 66] [48, 16, 40, 64, 24, 32, 8, 64]
709 текущий максимум дипломов


номер итерации 293
[48, 16, 40, 64, 24, 32, 8, 65] текущие скоры, которые дают максимальное число дипломов
[48, 16, 40, 64, 24, 32, 8, 65] [48, 16, 40, 64, 24, 32, 8, 66] [48, 16, 40, 64, 24, 32, 8, 64]
709 текущий максимум дипломов


номер итерации 294
[48, 16, 40, 64, 24, 32, 8, 65] текущие скоры, которые дают максимальное число дипломов
[48, 16, 40, 64, 24, 32, 8, 65] [48, 16, 40, 64, 36, 32, 8, 65] [48, 16, 40, 64, 23, 32, 8, 65]
709 текущий максимум дипломов


номер итерации 295
[48, 16, 40, 64, 24, 32, 8, 65] текущие скоры, которые дают максимальное число дипломов
[48, 16, 40, 64, 24, 32, 8, 65] [49, 16, 40, 64, 24, 32, 8, 65] [47, 16, 40, 64, 24, 32, 8, 65]
709 текущий максимум дипломов


номер итерации 296
[48, 16, 40, 64, 24, 32, 8, 65] текущие скоры, которые дают максимальное число дипломов
[48, 16, 40, 64, 24, 32, 8, 65] [48, 16, 40, 64, 24, 32, 8, 66] [48, 16, 40, 64, 24, 32, 8, 64]
709 текущий максимум дипломов


номер итерации 297
[48, 16, 40, 64, 24, 32, 8, 65] текущие скоры, которые дают максимальное число дипломов
[48, 16, 40, 64, 24, 32, 8, 65] [48, 16, 40, 65, 24, 32, 8, 65] [48, 16, 40, 63, 24, 32, 8, 65]
709 текущий максимум дипломов


номер итерации 298
[48, 16, 40, 64, 24, 32, 8, 65] текущие скоры, которые дают максимальное число дипломов
[48, 16, 40, 64, 24, 32, 8, 65] [48, 16, 40, 64, 24, 32, 8, 66] [48, 16, 40, 64, 24, 32, 8, 64]
709 текущий максимум дипломов


номер итерации 299
[48, 16, 40, 64, 24, 32, 8, 65] текущие скоры, которые дают максимальное число дипломов
[48, 16, 40, 64, 24, 32, 8, 65] [49, 16, 40, 64, 24, 32, 8, 65] [47, 16, 40, 64, 24, 32, 8, 65]
709 текущий максимум дипломов


номер итерации 300
[48, 16, 40, 64, 24, 32, 8, 65] текущие скоры, которые дают максимальное число дипломов
[48, 16, 40, 64, 24, 32, 8, 65] [48, 16, 40, 64, 24, 32, 9, 65] [48, 16, 40, 64, 24, 32, 7, 65]
709 текущий максимум дипломов

Process finished with exit code 0
