Номер олимпиады - 170
Идеальное количество дипломов - 3825
Старое количество дипломов - 3625
Новое количество дипломов - 3752C:\Users\xeny\PycharmProjects\SiriusAnalysis\venv\Scripts\python.exe C:/Users/xeny/PycharmProjects/SiriusAnalysis/MakeReport.py
D:\home\xeny\Documents\Результаты олимпиад\170
D:\home\xeny\Documents\Результаты олимпиад\170
8
[1, 1, 1, 1, 1, 1, 1, 1]
идеальное количество дипломов 3825
[('2', 0.53), ('3', 0.79), ('1', 0.75), ('4', 0.56), ('5', 0.31), ('6', 0.43), ('7', 0.42), ('8', 0.3)] сложности задач: сложность:номер задачи
[('3', 0.79), ('1', 0.75), ('4', 0.56), ('2', 0.53), ('6', 0.43), ('7', 0.42), ('5', 0.31), ('8', 0.3)] look here
[0.79, 0.75, 0.56, 0.53, 0.43, 0.42, 0.31, 0.3]
[('2', 0.53), ('3', 0.79), ('1', 0.75), ('4', 0.56), ('5', 0.31), ('6', 0.43), ('7', 0.42), ('8', 0.3)] сложности задач: сложность:номер задачи
[2, 4, 1, 3, 7, 5, 6, 8]
Новое колво дипломов 3752
Старое колво дипломов 3652


номер итерации 1
[2, 4, 1, 3, 7, 5, 6, 8] текущие скоры, которые дают максимальное число дипломов
[2, 4, 1, 3, 7, 5, 6, 8] [2, 4, 1, 3, 8, 5, 6, 8] [2, 4, 1, 3, 6, 5, 6, 8]
3752 текущий максимум дипломов


номер итерации 2
[2, 4, 1, 3, 7, 5, 6, 8] текущие скоры, которые дают максимальное число дипломов
[2, 4, 1, 3, 7, 5, 6, 8] [2, 4, 1, 3, 7, 6, 6, 8] [2, 4, 1, 3, 7, 4, 6, 8]
3752 текущий максимум дипломов


номер итерации 3
[2, 4, 1, 3, 7, 5, 6, 8] текущие скоры, которые дают максимальное число дипломов
[2, 4, 1, 3, 7, 5, 6, 8] [2, 5, 1, 3, 7, 5, 6, 8] [2, 3, 1, 3, 7, 5, 6, 8]
3752 текущий максимум дипломов


номер итерации 4
[2, 4, 1, 3, 7, 5, 6, 8] текущие скоры, которые дают максимальное число дипломов
[2, 4, 1, 3, 7, 5, 6, 8] [2, 4, 1, 3, 7, 5, 6, 12] [2, 4, 1, 3, 7, 5, 6, 7]
3752 текущий максимум дипломов


номер итерации 5
[2, 4, 1, 3, 7, 5, 6, 8] текущие скоры, которые дают максимальное число дипломов
[2, 4, 1, 3, 7, 5, 6, 8] [2, 4, 1, 3, 7, 6, 6, 8] [2, 4, 1, 3, 7, 4, 6, 8]
3752 текущий максимум дипломов


номер итерации 6
[2, 4, 1, 3, 7, 5, 6, 8] текущие скоры, которые дают максимальное число дипломов
[2, 4, 1, 3, 7, 5, 6, 8] [2, 4, 2, 3, 7, 5, 6, 8] [2, 4, 1, 3, 7, 5, 6, 8]
3752 текущий максимум дипломов


номер итерации 7
[2, 4, 1, 3, 7, 5, 6, 8] текущие скоры, которые дают максимальное число дипломов
[2, 4, 1, 3, 7, 5, 6, 8] [2, 4, 1, 3, 8, 5, 6, 8] [2, 4, 1, 3, 6, 5, 6, 8]
3752 текущий максимум дипломов


номер итерации 8
[2, 4, 1, 3, 7, 5, 6, 8] текущие скоры, которые дают максимальное число дипломов
[2, 4, 1, 3, 7, 5, 6, 8] [2, 4, 1, 3, 7, 5, 6, 9] [2, 4, 1, 3, 7, 5, 6, 7]
3752 текущий максимум дипломов


номер итерации 9
[2, 4, 1, 3, 7, 5, 6, 8] текущие скоры, которые дают максимальное число дипломов
[2, 4, 1, 3, 7, 5, 6, 8] [2, 4, 1, 3, 7, 5, 6, 9] [2, 4, 1, 3, 7, 5, 6, 7]
3752 текущий максимум дипломов


номер итерации 10
[2, 4, 1, 3, 7, 5, 6, 8] текущие скоры, которые дают максимальное число дипломов
[2, 4, 1, 3, 7, 5, 6, 8] [2, 4, 1, 3, 8, 5, 6, 8] [2, 4, 1, 3, 6, 5, 6, 8]
3752 текущий максимум дипломов


номер итерации 11
[2, 4, 1, 3, 7, 5, 6, 8] текущие скоры, которые дают максимальное число дипломов
[2, 4, 1, 3, 7, 5, 6, 8] [2, 4, 1, 3, 7, 5, 9, 8] [2, 4, 1, 3, 7, 5, 5, 8]
3752 текущий максимум дипломов


номер итерации 12
[2, 4, 1, 3, 7, 5, 6, 8] текущие скоры, которые дают максимальное число дипломов
[2, 4, 1, 3, 7, 5, 6, 8] [3, 4, 1, 3, 7, 5, 6, 8] [1, 4, 1, 3, 7, 5, 6, 8]
3752 текущий максимум дипломов


номер итерации 13
[2, 4, 1, 3, 7, 5, 6, 8] текущие скоры, которые дают максимальное число дипломов
[2, 4, 1, 3, 7, 5, 6, 8] [2, 4, 1, 3, 7, 5, 6, 9] [2, 4, 1, 3, 7, 5, 6, 7]
3752 текущий максимум дипломов


номер итерации 14
[2, 4, 1, 3, 7, 5, 6, 8] текущие скоры, которые дают максимальное число дипломов
[2, 4, 1, 3, 7, 5, 6, 8] [3, 4, 1, 3, 7, 5, 6, 8] [1, 4, 1, 3, 7, 5, 6, 8]
3752 текущий максимум дипломов


номер итерации 15
[2, 4, 1, 3, 7, 5, 6, 8] текущие скоры, которые дают максимальное число дипломов
[2, 4, 1, 3, 7, 5, 6, 8] [2, 4, 1, 4, 7, 5, 6, 8] [2, 4, 1, 2, 7, 5, 6, 8]
3752 текущий максимум дипломов


номер итерации 16
[2, 4, 1, 3, 7, 5, 6, 8] текущие скоры, которые дают максимальное число дипломов
[2, 4, 1, 3, 7, 5, 6, 8] [2, 4, 1, 3, 10, 5, 6, 8] [2, 4, 1, 3, 6, 5, 6, 8]
3752 текущий максимум дипломов


номер итерации 17
[2, 4, 1, 3, 7, 5, 6, 8] текущие скоры, которые дают максимальное число дипломов
[2, 4, 1, 3, 7, 5, 6, 8] [2, 5, 1, 3, 7, 5, 6, 8] [2, 3, 1, 3, 7, 5, 6, 8]
3752 текущий максимум дипломов


номер итерации 18
[2, 4, 1, 3, 7, 5, 6, 8] текущие скоры, которые дают максимальное число дипломов
[2, 4, 1, 3, 7, 5, 6, 8] [3, 4, 1, 3, 7, 5, 6, 8] [1, 4, 1, 3, 7, 5, 6, 8]
3752 текущий максимум дипломов


номер итерации 19
[2, 4, 1, 3, 7, 5, 6, 8] текущие скоры, которые дают максимальное число дипломов
[2, 4, 1, 3, 7, 5, 6, 8] [2, 4, 1, 3, 8, 5, 6, 8] [2, 4, 1, 3, 6, 5, 6, 8]
3752 текущий максимум дипломов


номер итерации 20
[2, 4, 1, 3, 7, 5, 6, 8] текущие скоры, которые дают максимальное число дипломов
[2, 4, 1, 3, 7, 5, 6, 8] [2, 4, 1, 3, 7, 5, 6, 9] [2, 4, 1, 3, 7, 5, 6, 7]
3752 текущий максимум дипломов


номер итерации 21
[2, 4, 1, 3, 7, 5, 6, 8] текущие скоры, которые дают максимальное число дипломов
[2, 4, 1, 3, 7, 5, 6, 8] [2, 4, 1, 4, 7, 5, 6, 8] [2, 4, 1, 2, 7, 5, 6, 8]
3752 текущий максимум дипломов


номер итерации 22
[2, 4, 1, 3, 7, 5, 6, 8] текущие скоры, которые дают максимальное число дипломов
[2, 4, 1, 3, 7, 5, 6, 8] [2, 4, 1, 4, 7, 5, 6, 8] [2, 4, 1, 2, 7, 5, 6, 8]
3752 текущий максимум дипломов


номер итерации 23
[2, 4, 1, 3, 7, 5, 6, 8] текущие скоры, которые дают максимальное число дипломов
[2, 4, 1, 3, 7, 5, 6, 8] [2, 4, 1, 3, 7, 5, 7, 8] [2, 4, 1, 3, 7, 5, 5, 8]
3752 текущий максимум дипломов


номер итерации 24
[2, 4, 1, 3, 7, 5, 6, 8] текущие скоры, которые дают максимальное число дипломов
[2, 4, 1, 3, 7, 5, 6, 8] [2, 4, 1, 3, 7, 5, 6, 9] [2, 4, 1, 3, 7, 5, 6, 7]
3752 текущий максимум дипломов


номер итерации 25
[2, 4, 1, 3, 7, 5, 6, 8] текущие скоры, которые дают максимальное число дипломов
[2, 4, 1, 3, 7, 5, 6, 8] [2, 4, 1, 4, 7, 5, 6, 8] [2, 4, 1, 2, 7, 5, 6, 8]
3752 текущий максимум дипломов


номер итерации 26
[2, 4, 1, 3, 7, 5, 6, 8] текущие скоры, которые дают максимальное число дипломов
[2, 4, 1, 3, 7, 5, 6, 8] [2, 5, 1, 3, 7, 5, 6, 8] [2, 3, 1, 3, 7, 5, 6, 8]
3752 текущий максимум дипломов


номер итерации 27
[2, 4, 1, 3, 7, 5, 6, 8] текущие скоры, которые дают максимальное число дипломов
[2, 4, 1, 3, 7, 5, 6, 8] [2, 4, 1, 4, 7, 5, 6, 8] [2, 4, 1, 2, 7, 5, 6, 8]
3752 текущий максимум дипломов


номер итерации 28
[2, 4, 1, 3, 7, 5, 6, 8] текущие скоры, которые дают максимальное число дипломов
[2, 4, 1, 3, 7, 5, 6, 8] [2, 4, 2, 3, 7, 5, 6, 8] [2, 4, 1, 3, 7, 5, 6, 8]
3752 текущий максимум дипломов


номер итерации 29
[2, 4, 1, 3, 7, 5, 6, 8] текущие скоры, которые дают максимальное число дипломов
[2, 4, 1, 3, 7, 5, 6, 8] [3, 4, 1, 3, 7, 5, 6, 8] [1, 4, 1, 3, 7, 5, 6, 8]
3752 текущий максимум дипломов


номер итерации 30
[2, 4, 1, 3, 7, 5, 6, 8] текущие скоры, которые дают максимальное число дипломов
[2, 4, 1, 3, 7, 5, 6, 8] [3, 4, 1, 3, 7, 5, 6, 8] [1, 4, 1, 3, 7, 5, 6, 8]
3752 текущий максимум дипломов


номер итерации 31
[2, 4, 1, 3, 7, 5, 6, 8] текущие скоры, которые дают максимальное число дипломов
[2, 4, 1, 3, 7, 5, 6, 8] [3, 4, 1, 3, 7, 5, 6, 8] [1, 4, 1, 3, 7, 5, 6, 8]
3752 текущий максимум дипломов


номер итерации 32
[2, 4, 1, 3, 7, 5, 6, 8] текущие скоры, которые дают максимальное число дипломов
[2, 4, 1, 3, 7, 5, 6, 8] [2, 4, 1, 3, 7, 5, 7, 8] [2, 4, 1, 3, 7, 5, 5, 8]
3752 текущий максимум дипломов


номер итерации 33
[2, 4, 1, 3, 7, 5, 6, 8] текущие скоры, которые дают максимальное число дипломов
[2, 4, 1, 3, 7, 5, 6, 8] [2, 4, 2, 3, 7, 5, 6, 8] [2, 4, 1, 3, 7, 5, 6, 8]
3752 текущий максимум дипломов


номер итерации 34
[2, 4, 1, 3, 7, 5, 6, 8] текущие скоры, которые дают максимальное число дипломов
[2, 4, 1, 3, 7, 5, 6, 8] [2, 4, 1, 3, 8, 5, 6, 8] [2, 4, 1, 3, 6, 5, 6, 8]
3752 текущий максимум дипломов


номер итерации 35
[2, 4, 1, 3, 7, 5, 6, 8] текущие скоры, которые дают максимальное число дипломов
[2, 4, 1, 3, 7, 5, 6, 8] [2, 4, 1, 3, 7, 5, 6, 12] [2, 4, 1, 3, 7, 5, 6, 7]
3752 текущий максимум дипломов


номер итерации 36
[2, 4, 1, 3, 7, 5, 6, 8] текущие скоры, которые дают максимальное число дипломов
[2, 4, 1, 3, 7, 5, 6, 8] [3, 4, 1, 3, 7, 5, 6, 8] [1, 4, 1, 3, 7, 5, 6, 8]
3752 текущий максимум дипломов


номер итерации 37
[2, 4, 1, 3, 7, 5, 6, 8] текущие скоры, которые дают максимальное число дипломов
[2, 4, 1, 3, 7, 5, 6, 8] [2, 4, 1, 3, 8, 5, 6, 8] [2, 4, 1, 3, 6, 5, 6, 8]
3752 текущий максимум дипломов


номер итерации 38
[2, 4, 1, 3, 7, 5, 6, 8] текущие скоры, которые дают максимальное число дипломов
[2, 4, 1, 3, 7, 5, 6, 8] [2, 4, 1, 3, 7, 5, 7, 8] [2, 4, 1, 3, 7, 5, 5, 8]
3752 текущий максимум дипломов


номер итерации 39
[2, 4, 1, 3, 7, 5, 6, 8] текущие скоры, которые дают максимальное число дипломов
[2, 4, 1, 3, 7, 5, 6, 8] [2, 4, 1, 3, 7, 5, 7, 8] [2, 4, 1, 3, 7, 5, 5, 8]
3752 текущий максимум дипломов


номер итерации 40
[2, 4, 1, 3, 7, 5, 6, 8] текущие скоры, которые дают максимальное число дипломов
[2, 4, 1, 3, 7, 5, 6, 8] [2, 5, 1, 3, 7, 5, 6, 8] [2, 3, 1, 3, 7, 5, 6, 8]
3752 текущий максимум дипломов


номер итерации 41
[2, 4, 1, 3, 7, 5, 6, 8] текущие скоры, которые дают максимальное число дипломов
[2, 4, 1, 3, 7, 5, 6, 8] [2, 4, 1, 3, 8, 5, 6, 8] [2, 4, 1, 3, 6, 5, 6, 8]
3752 текущий максимум дипломов


номер итерации 42
[2, 4, 1, 3, 7, 5, 6, 8] текущие скоры, которые дают максимальное число дипломов
[2, 4, 1, 3, 7, 5, 6, 8] [2, 4, 1, 3, 7, 5, 7, 8] [2, 4, 1, 3, 7, 5, 5, 8]
3752 текущий максимум дипломов


номер итерации 43
[2, 4, 1, 3, 7, 5, 6, 8] текущие скоры, которые дают максимальное число дипломов
[2, 4, 1, 3, 7, 5, 6, 8] [2, 5, 1, 3, 7, 5, 6, 8] [2, 3, 1, 3, 7, 5, 6, 8]
3752 текущий максимум дипломов


номер итерации 44
[2, 4, 1, 3, 7, 5, 6, 8] текущие скоры, которые дают максимальное число дипломов
[2, 4, 1, 3, 7, 5, 6, 8] [2, 5, 1, 3, 7, 5, 6, 8] [2, 3, 1, 3, 7, 5, 6, 8]
3752 текущий максимум дипломов


номер итерации 45
[2, 4, 1, 3, 7, 5, 6, 8] текущие скоры, которые дают максимальное число дипломов
[2, 4, 1, 3, 7, 5, 6, 8] [2, 4, 2, 3, 7, 5, 6, 8] [2, 4, 1, 3, 7, 5, 6, 8]
3752 текущий максимум дипломов


номер итерации 46
[2, 4, 1, 3, 7, 5, 6, 8] текущие скоры, которые дают максимальное число дипломов
[2, 4, 1, 3, 7, 5, 6, 8] [2, 4, 1, 3, 7, 6, 6, 8] [2, 4, 1, 3, 7, 4, 6, 8]
3752 текущий максимум дипломов


номер итерации 47
[2, 4, 1, 3, 7, 5, 6, 8] текущие скоры, которые дают максимальное число дипломов
[2, 4, 1, 3, 7, 5, 6, 8] [2, 4, 2, 3, 7, 5, 6, 8] [2, 4, 1, 3, 7, 5, 6, 8]
3752 текущий максимум дипломов


номер итерации 48
[2, 4, 1, 3, 7, 5, 6, 8] текущие скоры, которые дают максимальное число дипломов
[2, 4, 1, 3, 7, 5, 6, 8] [2, 4, 1, 3, 7, 6, 6, 8] [2, 4, 1, 3, 7, 4, 6, 8]
3752 текущий максимум дипломов


номер итерации 49
[2, 4, 1, 3, 7, 5, 6, 8] текущие скоры, которые дают максимальное число дипломов
[2, 4, 1, 3, 7, 5, 6, 8] [3, 4, 1, 3, 7, 5, 6, 8] [1, 4, 1, 3, 7, 5, 6, 8]
3752 текущий максимум дипломов


номер итерации 50
[2, 4, 1, 3, 7, 5, 6, 8] текущие скоры, которые дают максимальное число дипломов
[2, 4, 1, 3, 7, 5, 6, 8] [3, 4, 1, 3, 7, 5, 6, 8] [1, 4, 1, 3, 7, 5, 6, 8]
3752 текущий максимум дипломов


номер итерации 51
[2, 4, 1, 3, 7, 5, 6, 8] текущие скоры, которые дают максимальное число дипломов
[2, 4, 1, 3, 7, 5, 6, 8] [2, 4, 1, 3, 7, 6, 6, 8] [2, 4, 1, 3, 7, 4, 6, 8]
3752 текущий максимум дипломов


номер итерации 52
[2, 4, 1, 3, 7, 5, 6, 8] текущие скоры, которые дают максимальное число дипломов
[2, 4, 1, 3, 7, 5, 6, 8] [2, 4, 1, 3, 7, 5, 7, 8] [2, 4, 1, 3, 7, 5, 5, 8]
3752 текущий максимум дипломов


номер итерации 53
[2, 4, 1, 3, 7, 5, 6, 8] текущие скоры, которые дают максимальное число дипломов
[2, 4, 1, 3, 7, 5, 6, 8] [2, 4, 1, 3, 8, 5, 6, 8] [2, 4, 1, 3, 6, 5, 6, 8]
3752 текущий максимум дипломов


номер итерации 54
[2, 4, 1, 3, 7, 5, 6, 8] текущие скоры, которые дают максимальное число дипломов
[2, 4, 1, 3, 7, 5, 6, 8] [2, 4, 1, 3, 7, 6, 6, 8] [2, 4, 1, 3, 7, 4, 6, 8]
3752 текущий максимум дипломов


номер итерации 55
[2, 4, 1, 3, 7, 5, 6, 8] текущие скоры, которые дают максимальное число дипломов
[2, 4, 1, 3, 7, 5, 6, 8] [3, 4, 1, 3, 7, 5, 6, 8] [1, 4, 1, 3, 7, 5, 6, 8]
3752 текущий максимум дипломов


номер итерации 56
[2, 4, 1, 3, 7, 5, 6, 8] текущие скоры, которые дают максимальное число дипломов
[2, 4, 1, 3, 7, 5, 6, 8] [2, 5, 1, 3, 7, 5, 6, 8] [2, 3, 1, 3, 7, 5, 6, 8]
3752 текущий максимум дипломов


номер итерации 57
[2, 4, 1, 3, 7, 5, 6, 8] текущие скоры, которые дают максимальное число дипломов
[2, 4, 1, 3, 7, 5, 6, 8] [2, 4, 1, 3, 7, 5, 9, 8] [2, 4, 1, 3, 7, 5, 5, 8]
3752 текущий максимум дипломов


номер итерации 58
[2, 4, 1, 3, 7, 5, 6, 8] текущие скоры, которые дают максимальное число дипломов
[2, 4, 1, 3, 7, 5, 6, 8] [2, 4, 1, 3, 7, 5, 6, 8] [2, 4, 1, 3, 7, 5, 6, 8]
3752 текущий максимум дипломов


номер итерации 59
[2, 4, 1, 3, 7, 5, 6, 8] текущие скоры, которые дают максимальное число дипломов
[2, 4, 1, 3, 7, 5, 6, 8] [3, 4, 1, 3, 7, 5, 6, 8] [1, 4, 1, 3, 7, 5, 6, 8]
3752 текущий максимум дипломов


номер итерации 60
[2, 4, 1, 3, 7, 5, 6, 8] текущие скоры, которые дают максимальное число дипломов
[2, 4, 1, 3, 7, 5, 6, 8] [3, 4, 1, 3, 7, 5, 6, 8] [1, 4, 1, 3, 7, 5, 6, 8]
3752 текущий максимум дипломов


номер итерации 61
[2, 4, 1, 3, 7, 5, 6, 8] текущие скоры, которые дают максимальное число дипломов
[2, 4, 1, 3, 7, 5, 6, 8] [2, 4, 1, 4, 7, 5, 6, 8] [2, 4, 1, 2, 7, 5, 6, 8]
3752 текущий максимум дипломов


номер итерации 62
[2, 4, 1, 3, 7, 5, 6, 8] текущие скоры, которые дают максимальное число дипломов
[2, 4, 1, 3, 7, 5, 6, 8] [2, 4, 1, 3, 8, 5, 6, 8] [2, 4, 1, 3, 6, 5, 6, 8]
3752 текущий максимум дипломов


номер итерации 63
[2, 4, 1, 3, 7, 5, 6, 8] текущие скоры, которые дают максимальное число дипломов
[2, 4, 1, 3, 7, 5, 6, 8] [2, 4, 1, 3, 7, 5, 6, 8] [2, 4, 1, 3, 7, 5, 6, 8]
3752 текущий максимум дипломов


номер итерации 64
[2, 4, 1, 3, 7, 5, 6, 8] текущие скоры, которые дают максимальное число дипломов
[2, 4, 1, 3, 7, 5, 6, 8] [2, 4, 1, 3, 7, 5, 6, 9] [2, 4, 1, 3, 7, 5, 6, 7]
3752 текущий максимум дипломов


номер итерации 65
[2, 4, 1, 3, 7, 5, 6, 8] текущие скоры, которые дают максимальное число дипломов
[2, 4, 1, 3, 7, 5, 6, 8] [2, 4, 1, 3, 7, 5, 6, 9] [2, 4, 1, 3, 7, 5, 6, 7]
3752 текущий максимум дипломов


номер итерации 66
[2, 4, 1, 3, 7, 5, 6, 8] текущие скоры, которые дают максимальное число дипломов
[2, 4, 1, 3, 7, 5, 6, 8] [3, 4, 1, 3, 7, 5, 6, 8] [1, 4, 1, 3, 7, 5, 6, 8]
3752 текущий максимум дипломов


номер итерации 67
[2, 4, 1, 3, 7, 5, 6, 8] текущие скоры, которые дают максимальное число дипломов
[2, 4, 1, 3, 7, 5, 6, 8] [2, 4, 1, 3, 7, 5, 9, 8] [2, 4, 1, 3, 7, 5, 5, 8]
3752 текущий максимум дипломов


номер итерации 68
[2, 4, 1, 3, 7, 5, 6, 8] текущие скоры, которые дают максимальное число дипломов
[2, 4, 1, 3, 7, 5, 6, 8] [2, 4, 1, 3, 10, 5, 6, 8] [2, 4, 1, 3, 6, 5, 6, 8]
3752 текущий максимум дипломов


номер итерации 69
[2, 4, 1, 3, 7, 5, 6, 8] текущие скоры, которые дают максимальное число дипломов
[2, 4, 1, 3, 7, 5, 6, 8] [2, 4, 1, 3, 8, 5, 6, 8] [2, 4, 1, 3, 6, 5, 6, 8]
3752 текущий максимум дипломов


номер итерации 70
[2, 4, 1, 3, 7, 5, 6, 8] текущие скоры, которые дают максимальное число дипломов
[2, 4, 1, 3, 7, 5, 6, 8] [2, 4, 1, 4, 7, 5, 6, 8] [2, 4, 1, 2, 7, 5, 6, 8]
3752 текущий максимум дипломов


номер итерации 71
[2, 4, 1, 3, 7, 5, 6, 8] текущие скоры, которые дают максимальное число дипломов
[2, 4, 1, 3, 7, 5, 6, 8] [2, 4, 2, 3, 7, 5, 6, 8] [2, 4, 1, 3, 7, 5, 6, 8]
3752 текущий максимум дипломов


номер итерации 72
[2, 4, 1, 3, 7, 5, 6, 8] текущие скоры, которые дают максимальное число дипломов
[2, 4, 1, 3, 7, 5, 6, 8] [2, 4, 1, 3, 7, 5, 6, 9] [2, 4, 1, 3, 7, 5, 6, 7]
3752 текущий максимум дипломов


номер итерации 73
[2, 4, 1, 3, 7, 5, 6, 8] текущие скоры, которые дают максимальное число дипломов
[2, 4, 1, 3, 7, 5, 6, 8] [2, 4, 1, 3, 7, 6, 6, 8] [2, 4, 1, 3, 7, 4, 6, 8]
3752 текущий максимум дипломов


номер итерации 74
[2, 4, 1, 3, 7, 5, 6, 8] текущие скоры, которые дают максимальное число дипломов
[2, 4, 1, 3, 7, 5, 6, 8] [2, 4, 1, 4, 7, 5, 6, 8] [2, 4, 1, 2, 7, 5, 6, 8]
3752 текущий максимум дипломов


номер итерации 75
[2, 4, 1, 3, 7, 5, 6, 8] текущие скоры, которые дают максимальное число дипломов
[2, 4, 1, 3, 7, 5, 6, 8] [2, 4, 1, 4, 7, 5, 6, 8] [2, 4, 1, 2, 7, 5, 6, 8]
3752 текущий максимум дипломов


номер итерации 76
[2, 4, 1, 3, 7, 5, 6, 8] текущие скоры, которые дают максимальное число дипломов
[2, 4, 1, 3, 7, 5, 6, 8] [2, 4, 1, 4, 7, 5, 6, 8] [2, 4, 1, 2, 7, 5, 6, 8]
3752 текущий максимум дипломов


номер итерации 77
[2, 4, 1, 3, 7, 5, 6, 8] текущие скоры, которые дают максимальное число дипломов
[2, 4, 1, 3, 7, 5, 6, 8] [2, 4, 1, 3, 7, 6, 6, 8] [2, 4, 1, 3, 7, 4, 6, 8]
3752 текущий максимум дипломов


номер итерации 78
[2, 4, 1, 3, 7, 5, 6, 8] текущие скоры, которые дают максимальное число дипломов
[2, 4, 1, 3, 7, 5, 6, 8] [2, 4, 1, 4, 7, 5, 6, 8] [2, 4, 1, 2, 7, 5, 6, 8]
3752 текущий максимум дипломов


номер итерации 79
[2, 4, 1, 3, 7, 5, 6, 8] текущие скоры, которые дают максимальное число дипломов
[2, 4, 1, 3, 7, 5, 6, 8] [2, 4, 1, 3, 7, 5, 6, 9] [2, 4, 1, 3, 7, 5, 6, 7]
3752 текущий максимум дипломов


номер итерации 80
[2, 4, 1, 3, 7, 5, 6, 8] текущие скоры, которые дают максимальное число дипломов
[2, 4, 1, 3, 7, 5, 6, 8] [2, 4, 1, 3, 7, 5, 6, 9] [2, 4, 1, 3, 7, 5, 6, 7]
yes
3752 текущий максимум дипломов


номер итерации 81
[4, 8, 2, 6, 14, 10, 12, 16] текущие скоры, которые дают максимальное число дипломов
[4, 8, 2, 6, 14, 10, 12, 16] [4, 8, 3, 6, 14, 10, 12, 16] [4, 8, 1, 6, 14, 10, 12, 16]
3752 текущий максимум дипломов


номер итерации 82
[4, 8, 2, 6, 14, 10, 12, 16] текущие скоры, которые дают максимальное число дипломов
[4, 8, 2, 6, 14, 10, 12, 16] [4, 8, 3, 6, 14, 10, 12, 16] [4, 8, 1, 6, 14, 10, 12, 16]
3752 текущий максимум дипломов


номер итерации 83
[4, 8, 2, 6, 14, 10, 12, 16] текущие скоры, которые дают максимальное число дипломов
[4, 8, 2, 6, 14, 10, 12, 16] [4, 8, 2, 6, 14, 11, 12, 16] [4, 8, 2, 6, 14, 9, 12, 16]
3752 текущий максимум дипломов


номер итерации 84
[4, 8, 2, 6, 14, 10, 12, 16] текущие скоры, которые дают максимальное число дипломов
[4, 8, 2, 6, 14, 10, 12, 16] [5, 8, 2, 6, 14, 10, 12, 16] [3, 8, 2, 6, 14, 10, 12, 16]
3752 текущий максимум дипломов


номер итерации 85
[4, 8, 2, 6, 14, 10, 12, 16] текущие скоры, которые дают максимальное число дипломов
[4, 8, 2, 6, 14, 10, 12, 16] [4, 8, 2, 6, 14, 15, 12, 16] [4, 8, 2, 6, 14, 9, 12, 16]
3752 текущий максимум дипломов


номер итерации 86
[4, 8, 2, 6, 14, 10, 12, 16] текущие скоры, которые дают максимальное число дипломов
[4, 8, 2, 6, 14, 10, 12, 16] [4, 8, 2, 6, 14, 10, 12, 17] [4, 8, 2, 6, 14, 10, 12, 15]
3752 текущий максимум дипломов


номер итерации 87
[4, 8, 2, 6, 14, 10, 12, 15] текущие скоры, которые дают максимальное число дипломов
[4, 8, 2, 6, 14, 10, 12, 15] [4, 8, 3, 6, 14, 10, 12, 15] [4, 8, 1, 6, 14, 10, 12, 15]
3752 текущий максимум дипломов


номер итерации 88
[4, 8, 2, 6, 14, 10, 12, 15] текущие скоры, которые дают максимальное число дипломов
[4, 8, 2, 6, 14, 10, 12, 15] [5, 8, 2, 6, 14, 10, 12, 15] [3, 8, 2, 6, 14, 10, 12, 15]
3752 текущий максимум дипломов


номер итерации 89
[4, 8, 2, 6, 14, 10, 12, 15] текущие скоры, которые дают максимальное число дипломов
[4, 8, 2, 6, 14, 10, 12, 15] [5, 8, 2, 6, 14, 10, 12, 15] [3, 8, 2, 6, 14, 10, 12, 15]
3752 текущий максимум дипломов


номер итерации 90
[4, 8, 2, 6, 14, 10, 12, 15] текущие скоры, которые дают максимальное число дипломов
[4, 8, 2, 6, 14, 10, 12, 15] [4, 8, 2, 6, 15, 10, 12, 15] [4, 8, 2, 6, 13, 10, 12, 15]
3752 текущий максимум дипломов


номер итерации 91
[4, 8, 2, 6, 14, 10, 12, 15] текущие скоры, которые дают максимальное число дипломов
[4, 8, 2, 6, 14, 10, 12, 15] [4, 8, 2, 6, 14, 11, 12, 15] [4, 8, 2, 6, 14, 9, 12, 15]
3752 текущий максимум дипломов


номер итерации 92
[4, 8, 2, 6, 14, 10, 12, 15] текущие скоры, которые дают максимальное число дипломов
[4, 8, 2, 6, 14, 10, 12, 15] [4, 8, 2, 6, 14, 11, 12, 15] [4, 8, 2, 6, 14, 9, 12, 15]
3752 текущий максимум дипломов


номер итерации 93
[4, 8, 2, 6, 14, 10, 12, 15] текущие скоры, которые дают максимальное число дипломов
[4, 8, 2, 6, 14, 10, 12, 15] [4, 9, 2, 6, 14, 10, 12, 15] [4, 7, 2, 6, 14, 10, 12, 15]
3752 текущий максимум дипломов


номер итерации 94
[4, 8, 2, 6, 14, 10, 12, 15] текущие скоры, которые дают максимальное число дипломов
[4, 8, 2, 6, 14, 10, 12, 15] [4, 9, 2, 6, 14, 10, 12, 15] [4, 7, 2, 6, 14, 10, 12, 15]
3752 текущий максимум дипломов


номер итерации 95
[4, 8, 2, 6, 14, 10, 12, 15] текущие скоры, которые дают максимальное число дипломов
[4, 8, 2, 6, 14, 10, 12, 15] [4, 8, 2, 6, 14, 10, 12, 16] [4, 8, 2, 6, 14, 10, 12, 14]
3752 текущий максимум дипломов


номер итерации 96
[4, 8, 2, 6, 14, 10, 12, 15] текущие скоры, которые дают максимальное число дипломов
[4, 8, 2, 6, 14, 10, 12, 15] [4, 12, 2, 6, 14, 10, 12, 15] [4, 7, 2, 6, 14, 10, 12, 15]
3752 текущий максимум дипломов


номер итерации 97
[4, 8, 2, 6, 14, 10, 12, 15] текущие скоры, которые дают максимальное число дипломов
[4, 8, 2, 6, 14, 10, 12, 15] [4, 8, 2, 6, 14, 10, 12, 16] [4, 8, 2, 6, 14, 10, 12, 14]
3752 текущий максимум дипломов


номер итерации 98
[4, 8, 2, 6, 14, 10, 12, 15] текущие скоры, которые дают максимальное число дипломов
[4, 8, 2, 6, 14, 10, 12, 15] [4, 12, 2, 6, 14, 10, 12, 15] [4, 7, 2, 6, 14, 10, 12, 15]
3752 текущий максимум дипломов


номер итерации 99
[4, 8, 2, 6, 14, 10, 12, 15] текущие скоры, которые дают максимальное число дипломов
[4, 8, 2, 6, 14, 10, 12, 15] [4, 8, 2, 6, 21, 10, 12, 15] [4, 8, 2, 6, 13, 10, 12, 15]
3752 текущий максимум дипломов


номер итерации 100
[4, 8, 2, 6, 14, 10, 12, 15] текущие скоры, которые дают максимальное число дипломов
[4, 8, 2, 6, 14, 10, 12, 15] [4, 9, 2, 6, 14, 10, 12, 15] [4, 7, 2, 6, 14, 10, 12, 15]
3752 текущий максимум дипломов


номер итерации 101
[4, 8, 2, 6, 14, 10, 12, 15] текущие скоры, которые дают максимальное число дипломов
[4, 8, 2, 6, 14, 10, 12, 15] [4, 8, 2, 6, 14, 10, 13, 15] [4, 8, 2, 6, 14, 10, 11, 15]
3752 текущий максимум дипломов


номер итерации 102
[4, 8, 2, 6, 14, 10, 12, 15] текущие скоры, которые дают максимальное число дипломов
[4, 8, 2, 6, 14, 10, 12, 15] [4, 9, 2, 6, 14, 10, 12, 15] [4, 7, 2, 6, 14, 10, 12, 15]
3752 текущий максимум дипломов


номер итерации 103
[4, 8, 2, 6, 14, 10, 12, 15] текущие скоры, которые дают максимальное число дипломов
[4, 8, 2, 6, 14, 10, 12, 15] [4, 8, 2, 6, 14, 10, 13, 15] [4, 8, 2, 6, 14, 10, 11, 15]
3752 текущий максимум дипломов


номер итерации 104
[4, 8, 2, 6, 14, 10, 12, 15] текущие скоры, которые дают максимальное число дипломов
[4, 8, 2, 6, 14, 10, 12, 15] [5, 8, 2, 6, 14, 10, 12, 15] [3, 8, 2, 6, 14, 10, 12, 15]
3752 текущий максимум дипломов


номер итерации 105
[4, 8, 2, 6, 14, 10, 12, 15] текущие скоры, которые дают максимальное число дипломов
[4, 8, 2, 6, 14, 10, 12, 15] [4, 9, 2, 6, 14, 10, 12, 15] [4, 7, 2, 6, 14, 10, 12, 15]
3752 текущий максимум дипломов


номер итерации 106
[4, 8, 2, 6, 14, 10, 12, 15] текущие скоры, которые дают максимальное число дипломов
[4, 8, 2, 6, 14, 10, 12, 15] [4, 8, 2, 7, 14, 10, 12, 15] [4, 8, 2, 5, 14, 10, 12, 15]
3752 текущий максимум дипломов


номер итерации 107
[4, 8, 2, 6, 14, 10, 12, 15] текущие скоры, которые дают максимальное число дипломов
[4, 8, 2, 6, 14, 10, 12, 15] [4, 8, 2, 6, 14, 10, 12, 16] [4, 8, 2, 6, 14, 10, 12, 14]
3752 текущий максимум дипломов


номер итерации 108
[4, 8, 2, 6, 14, 10, 12, 15] текущие скоры, которые дают максимальное число дипломов
[4, 8, 2, 6, 14, 10, 12, 15] [4, 8, 2, 6, 14, 10, 13, 15] [4, 8, 2, 6, 14, 10, 11, 15]
3752 текущий максимум дипломов


номер итерации 109
[4, 8, 2, 6, 14, 10, 12, 15] текущие скоры, которые дают максимальное число дипломов
[4, 8, 2, 6, 14, 10, 12, 15] [4, 8, 2, 6, 14, 10, 12, 16] [4, 8, 2, 6, 14, 10, 12, 14]
3752 текущий максимум дипломов


номер итерации 110
[4, 8, 2, 6, 14, 10, 12, 15] текущие скоры, которые дают максимальное число дипломов
[4, 8, 2, 6, 14, 10, 12, 15] [4, 8, 3, 6, 14, 10, 12, 15] [4, 8, 1, 6, 14, 10, 12, 15]
3752 текущий максимум дипломов


номер итерации 111
[4, 8, 2, 6, 14, 10, 12, 15] текущие скоры, которые дают максимальное число дипломов
[4, 8, 2, 6, 14, 10, 12, 15] [5, 8, 2, 6, 14, 10, 12, 15] [3, 8, 2, 6, 14, 10, 12, 15]
3752 текущий максимум дипломов


номер итерации 112
[4, 8, 2, 6, 14, 10, 12, 15] текущие скоры, которые дают максимальное число дипломов
[4, 8, 2, 6, 14, 10, 12, 15] [4, 8, 2, 6, 14, 11, 12, 15] [4, 8, 2, 6, 14, 9, 12, 15]
3752 текущий максимум дипломов


номер итерации 113
[4, 8, 2, 6, 14, 10, 12, 15] текущие скоры, которые дают максимальное число дипломов
[4, 8, 2, 6, 14, 10, 12, 15] [4, 8, 2, 7, 14, 10, 12, 15] [4, 8, 2, 5, 14, 10, 12, 15]
3752 текущий максимум дипломов


номер итерации 114
[4, 8, 2, 6, 14, 10, 12, 15] текущие скоры, которые дают максимальное число дипломов
[4, 8, 2, 6, 14, 10, 12, 15] [4, 8, 3, 6, 14, 10, 12, 15] [4, 8, 1, 6, 14, 10, 12, 15]
3752 текущий максимум дипломов


номер итерации 115
[4, 8, 2, 6, 14, 10, 12, 15] текущие скоры, которые дают максимальное число дипломов
[4, 8, 2, 6, 14, 10, 12, 15] [4, 8, 2, 6, 14, 10, 13, 15] [4, 8, 2, 6, 14, 10, 11, 15]
3752 текущий максимум дипломов


номер итерации 116
[4, 8, 2, 6, 14, 10, 12, 15] текущие скоры, которые дают максимальное число дипломов
[4, 8, 2, 6, 14, 10, 12, 15] [4, 8, 2, 6, 15, 10, 12, 15] [4, 8, 2, 6, 13, 10, 12, 15]
3752 текущий максимум дипломов


номер итерации 117
[4, 8, 2, 6, 14, 10, 12, 15] текущие скоры, которые дают максимальное число дипломов
[4, 8, 2, 6, 14, 10, 12, 15] [4, 8, 2, 6, 15, 10, 12, 15] [4, 8, 2, 6, 13, 10, 12, 15]
3752 текущий максимум дипломов


номер итерации 118
[4, 8, 2, 6, 14, 10, 12, 15] текущие скоры, которые дают максимальное число дипломов
[4, 8, 2, 6, 14, 10, 12, 15] [4, 8, 2, 6, 14, 11, 12, 15] [4, 8, 2, 6, 14, 9, 12, 15]
3752 текущий максимум дипломов


номер итерации 119
[4, 8, 2, 6, 14, 10, 12, 15] текущие скоры, которые дают максимальное число дипломов
[4, 8, 2, 6, 14, 10, 12, 15] [4, 8, 2, 6, 14, 10, 13, 15] [4, 8, 2, 6, 14, 10, 11, 15]
3752 текущий максимум дипломов


номер итерации 120
[4, 8, 2, 6, 14, 10, 12, 15] текущие скоры, которые дают максимальное число дипломов
[4, 8, 2, 6, 14, 10, 12, 15] [4, 8, 2, 6, 15, 10, 12, 15] [4, 8, 2, 6, 13, 10, 12, 15]
3752 текущий максимум дипломов


номер итерации 121
[4, 8, 2, 6, 14, 10, 12, 15] текущие скоры, которые дают максимальное число дипломов
[4, 8, 2, 6, 14, 10, 12, 15] [4, 8, 2, 6, 14, 11, 12, 15] [4, 8, 2, 6, 14, 9, 12, 15]
3752 текущий максимум дипломов


номер итерации 122
[4, 8, 2, 6, 14, 10, 12, 15] текущие скоры, которые дают максимальное число дипломов
[4, 8, 2, 6, 14, 10, 12, 15] [4, 8, 2, 7, 14, 10, 12, 15] [4, 8, 2, 5, 14, 10, 12, 15]
3752 текущий максимум дипломов


номер итерации 123
[4, 8, 2, 6, 14, 10, 12, 15] текущие скоры, которые дают максимальное число дипломов
[4, 8, 2, 6, 14, 10, 12, 15] [5, 8, 2, 6, 14, 10, 12, 15] [3, 8, 2, 6, 14, 10, 12, 15]
3752 текущий максимум дипломов


номер итерации 124
[4, 8, 2, 6, 14, 10, 12, 15] текущие скоры, которые дают максимальное число дипломов
[4, 8, 2, 6, 14, 10, 12, 15] [4, 8, 2, 6, 14, 10, 12, 16] [4, 8, 2, 6, 14, 10, 12, 14]
3752 текущий максимум дипломов


номер итерации 125
[4, 8, 2, 6, 14, 10, 12, 15] текущие скоры, которые дают максимальное число дипломов
[4, 8, 2, 6, 14, 10, 12, 15] [4, 8, 2, 7, 14, 10, 12, 15] [4, 8, 2, 5, 14, 10, 12, 15]
3752 текущий максимум дипломов


номер итерации 126
[4, 8, 2, 6, 14, 10, 12, 15] текущие скоры, которые дают максимальное число дипломов
[4, 8, 2, 6, 14, 10, 12, 15] [4, 9, 2, 6, 14, 10, 12, 15] [4, 7, 2, 6, 14, 10, 12, 15]
3752 текущий максимум дипломов


номер итерации 127
[4, 8, 2, 6, 14, 10, 12, 15] текущие скоры, которые дают максимальное число дипломов
[4, 8, 2, 6, 14, 10, 12, 15] [4, 8, 2, 6, 15, 10, 12, 15] [4, 8, 2, 6, 13, 10, 12, 15]
3752 текущий максимум дипломов


номер итерации 128
[4, 8, 2, 6, 14, 10, 12, 15] текущие скоры, которые дают максимальное число дипломов
[4, 8, 2, 6, 14, 10, 12, 15] [4, 9, 2, 6, 14, 10, 12, 15] [4, 7, 2, 6, 14, 10, 12, 15]
3752 текущий максимум дипломов


номер итерации 129
[4, 8, 2, 6, 14, 10, 12, 15] текущие скоры, которые дают максимальное число дипломов
[4, 8, 2, 6, 14, 10, 12, 15] [4, 8, 2, 6, 21, 10, 12, 15] [4, 8, 2, 6, 13, 10, 12, 15]
3752 текущий максимум дипломов


номер итерации 130
[4, 8, 2, 6, 14, 10, 12, 15] текущие скоры, которые дают максимальное число дипломов
[4, 8, 2, 6, 14, 10, 12, 15] [4, 8, 2, 6, 15, 10, 12, 15] [4, 8, 2, 6, 13, 10, 12, 15]
3752 текущий максимум дипломов


номер итерации 131
[4, 8, 2, 6, 14, 10, 12, 15] текущие скоры, которые дают максимальное число дипломов
[4, 8, 2, 6, 14, 10, 12, 15] [4, 8, 2, 6, 14, 11, 12, 15] [4, 8, 2, 6, 14, 9, 12, 15]
3752 текущий максимум дипломов


номер итерации 132
[4, 8, 2, 6, 14, 10, 12, 15] текущие скоры, которые дают максимальное число дипломов
[4, 8, 2, 6, 14, 10, 12, 15] [4, 8, 2, 6, 14, 11, 12, 15] [4, 8, 2, 6, 14, 9, 12, 15]
3752 текущий максимум дипломов


номер итерации 133
[4, 8, 2, 6, 14, 10, 12, 15] текущие скоры, которые дают максимальное число дипломов
[4, 8, 2, 6, 14, 10, 12, 15] [4, 8, 3, 6, 14, 10, 12, 15] [4, 8, 1, 6, 14, 10, 12, 15]
3752 текущий максимум дипломов


номер итерации 134
[4, 8, 2, 6, 14, 10, 12, 15] текущие скоры, которые дают максимальное число дипломов
[4, 8, 2, 6, 14, 10, 12, 15] [4, 8, 2, 6, 14, 10, 12, 16] [4, 8, 2, 6, 14, 10, 12, 14]
3752 текущий максимум дипломов


номер итерации 135
[4, 8, 2, 6, 14, 10, 12, 15] текущие скоры, которые дают максимальное число дипломов
[4, 8, 2, 6, 14, 10, 12, 15] [4, 8, 2, 6, 15, 10, 12, 15] [4, 8, 2, 6, 13, 10, 12, 15]
3752 текущий максимум дипломов


номер итерации 136
[4, 8, 2, 6, 14, 10, 12, 15] текущие скоры, которые дают максимальное число дипломов
[4, 8, 2, 6, 14, 10, 12, 15] [5, 8, 2, 6, 14, 10, 12, 15] [3, 8, 2, 6, 14, 10, 12, 15]
3752 текущий максимум дипломов


номер итерации 137
[4, 8, 2, 6, 14, 10, 12, 15] текущие скоры, которые дают максимальное число дипломов
[4, 8, 2, 6, 14, 10, 12, 15] [4, 8, 3, 6, 14, 10, 12, 15] [4, 8, 1, 6, 14, 10, 12, 15]
3752 текущий максимум дипломов


номер итерации 138
[4, 8, 2, 6, 14, 10, 12, 15] текущие скоры, которые дают максимальное число дипломов
[4, 8, 2, 6, 14, 10, 12, 15] [4, 8, 2, 6, 14, 10, 12, 16] [4, 8, 2, 6, 14, 10, 12, 14]
3752 текущий максимум дипломов


номер итерации 139
[4, 8, 2, 6, 14, 10, 12, 15] текущие скоры, которые дают максимальное число дипломов
[4, 8, 2, 6, 14, 10, 12, 15] [4, 8, 2, 6, 14, 10, 13, 15] [4, 8, 2, 6, 14, 10, 11, 15]
3752 текущий максимум дипломов


номер итерации 140
[4, 8, 2, 6, 14, 10, 12, 15] текущие скоры, которые дают максимальное число дипломов
[4, 8, 2, 6, 14, 10, 12, 15] [4, 8, 2, 6, 21, 10, 12, 15] [4, 8, 2, 6, 13, 10, 12, 15]
3752 текущий максимум дипломов


номер итерации 141
[4, 8, 2, 6, 14, 10, 12, 15] текущие скоры, которые дают максимальное число дипломов
[4, 8, 2, 6, 14, 10, 12, 15] [4, 8, 2, 6, 14, 10, 13, 15] [4, 8, 2, 6, 14, 10, 11, 15]
3752 текущий максимум дипломов


номер итерации 142
[4, 8, 2, 6, 14, 10, 12, 15] текущие скоры, которые дают максимальное число дипломов
[4, 8, 2, 6, 14, 10, 12, 15] [4, 8, 2, 6, 14, 11, 12, 15] [4, 8, 2, 6, 14, 9, 12, 15]
3752 текущий максимум дипломов


номер итерации 143
[4, 8, 2, 6, 14, 10, 12, 15] текущие скоры, которые дают максимальное число дипломов
[4, 8, 2, 6, 14, 10, 12, 15] [6, 8, 2, 6, 14, 10, 12, 15] [3, 8, 2, 6, 14, 10, 12, 15]
3752 текущий максимум дипломов


номер итерации 144
[4, 8, 2, 6, 14, 10, 12, 15] текущие скоры, которые дают максимальное число дипломов
[4, 8, 2, 6, 14, 10, 12, 15] [5, 8, 2, 6, 14, 10, 12, 15] [3, 8, 2, 6, 14, 10, 12, 15]
3752 текущий максимум дипломов


номер итерации 145
[4, 8, 2, 6, 14, 10, 12, 15] текущие скоры, которые дают максимальное число дипломов
[4, 8, 2, 6, 14, 10, 12, 15] [5, 8, 2, 6, 14, 10, 12, 15] [3, 8, 2, 6, 14, 10, 12, 15]
3752 текущий максимум дипломов


номер итерации 146
[4, 8, 2, 6, 14, 10, 12, 15] текущие скоры, которые дают максимальное число дипломов
[4, 8, 2, 6, 14, 10, 12, 15] [4, 8, 2, 6, 14, 10, 13, 15] [4, 8, 2, 6, 14, 10, 11, 15]
3752 текущий максимум дипломов


номер итерации 147
[4, 8, 2, 6, 14, 10, 12, 15] текущие скоры, которые дают максимальное число дипломов
[4, 8, 2, 6, 14, 10, 12, 15] [5, 8, 2, 6, 14, 10, 12, 15] [3, 8, 2, 6, 14, 10, 12, 15]
3752 текущий максимум дипломов


номер итерации 148
[4, 8, 2, 6, 14, 10, 12, 15] текущие скоры, которые дают максимальное число дипломов
[4, 8, 2, 6, 14, 10, 12, 15] [4, 8, 2, 6, 14, 10, 12, 16] [4, 8, 2, 6, 14, 10, 12, 14]
3752 текущий максимум дипломов


номер итерации 149
[4, 8, 2, 6, 14, 10, 12, 15] текущие скоры, которые дают максимальное число дипломов
[4, 8, 2, 6, 14, 10, 12, 15] [4, 8, 2, 7, 14, 10, 12, 15] [4, 8, 2, 5, 14, 10, 12, 15]
3752 текущий максимум дипломов


номер итерации 150
[4, 8, 2, 6, 14, 10, 12, 15] текущие скоры, которые дают максимальное число дипломов
[4, 8, 2, 6, 14, 10, 12, 15] [4, 8, 2, 6, 14, 11, 12, 15] [4, 8, 2, 6, 14, 9, 12, 15]
3752 текущий максимум дипломов


номер итерации 151
[4, 8, 2, 6, 14, 10, 12, 15] текущие скоры, которые дают максимальное число дипломов
[4, 8, 2, 6, 14, 10, 12, 15] [4, 8, 3, 6, 14, 10, 12, 15] [4, 8, 1, 6, 14, 10, 12, 15]
3752 текущий максимум дипломов


номер итерации 152
[4, 8, 2, 6, 14, 10, 12, 15] текущие скоры, которые дают максимальное число дипломов
[4, 8, 2, 6, 14, 10, 12, 15] [4, 8, 2, 6, 14, 10, 12, 16] [4, 8, 2, 6, 14, 10, 12, 14]
3752 текущий максимум дипломов


номер итерации 153
[4, 8, 2, 6, 14, 10, 12, 15] текущие скоры, которые дают максимальное число дипломов
[4, 8, 2, 6, 14, 10, 12, 15] [4, 8, 2, 7, 14, 10, 12, 15] [4, 8, 2, 5, 14, 10, 12, 15]
3752 текущий максимум дипломов


номер итерации 154
[4, 8, 2, 6, 14, 10, 12, 15] текущие скоры, которые дают максимальное число дипломов
[4, 8, 2, 6, 14, 10, 12, 15] [4, 8, 2, 6, 14, 10, 12, 16] [4, 8, 2, 6, 14, 10, 12, 14]
3752 текущий максимум дипломов


номер итерации 155
[4, 8, 2, 6, 14, 10, 12, 15] текущие скоры, которые дают максимальное число дипломов
[4, 8, 2, 6, 14, 10, 12, 15] [4, 8, 2, 6, 14, 10, 13, 15] [4, 8, 2, 6, 14, 10, 11, 15]
3752 текущий максимум дипломов


номер итерации 156
[4, 8, 2, 6, 14, 10, 12, 15] текущие скоры, которые дают максимальное число дипломов
[4, 8, 2, 6, 14, 10, 12, 15] [4, 8, 2, 6, 14, 10, 13, 15] [4, 8, 2, 6, 14, 10, 11, 15]
3752 текущий максимум дипломов


номер итерации 157
[4, 8, 2, 6, 14, 10, 12, 15] текущие скоры, которые дают максимальное число дипломов
[4, 8, 2, 6, 14, 10, 12, 15] [5, 8, 2, 6, 14, 10, 12, 15] [3, 8, 2, 6, 14, 10, 12, 15]
3752 текущий максимум дипломов


номер итерации 158
[4, 8, 2, 6, 14, 10, 12, 15] текущие скоры, которые дают максимальное число дипломов
[4, 8, 2, 6, 14, 10, 12, 15] [4, 8, 3, 6, 14, 10, 12, 15] [4, 8, 1, 6, 14, 10, 12, 15]
3752 текущий максимум дипломов


номер итерации 159
[4, 8, 2, 6, 14, 10, 12, 15] текущие скоры, которые дают максимальное число дипломов
[4, 8, 2, 6, 14, 10, 12, 15] [4, 8, 2, 6, 14, 11, 12, 15] [4, 8, 2, 6, 14, 9, 12, 15]
3752 текущий максимум дипломов


номер итерации 160
[4, 8, 2, 6, 14, 10, 12, 15] текущие скоры, которые дают максимальное число дипломов
[4, 8, 2, 6, 14, 10, 12, 15] [6, 8, 2, 6, 14, 10, 12, 15] [3, 8, 2, 6, 14, 10, 12, 15]
yes
3752 текущий максимум дипломов


номер итерации 161
[8, 16, 4, 12, 28, 20, 24, 30] текущие скоры, которые дают максимальное число дипломов
[8, 16, 4, 12, 28, 20, 24, 30] [8, 16, 6, 12, 28, 20, 24, 30] [8, 16, 3, 12, 28, 20, 24, 30]
3752 текущий максимум дипломов


номер итерации 162
[8, 16, 4, 12, 28, 20, 24, 30] текущие скоры, которые дают максимальное число дипломов
[8, 16, 4, 12, 28, 20, 24, 30] [8, 16, 4, 12, 28, 21, 24, 30] [8, 16, 4, 12, 28, 19, 24, 30]
3752 текущий максимум дипломов


номер итерации 163
[8, 16, 4, 12, 28, 20, 24, 30] текущие скоры, которые дают максимальное число дипломов
[8, 16, 4, 12, 28, 20, 24, 30] [8, 16, 5, 12, 28, 20, 24, 30] [8, 16, 3, 12, 28, 20, 24, 30]
3752 текущий максимум дипломов


номер итерации 164
[8, 16, 4, 12, 28, 20, 24, 30] текущие скоры, которые дают максимальное число дипломов
[8, 16, 4, 12, 28, 20, 24, 30] [9, 16, 4, 12, 28, 20, 24, 30] [7, 16, 4, 12, 28, 20, 24, 30]
3752 текущий максимум дипломов


номер итерации 165
[8, 16, 4, 12, 28, 20, 24, 30] текущие скоры, которые дают максимальное число дипломов
[8, 16, 4, 12, 28, 20, 24, 30] [8, 16, 6, 12, 28, 20, 24, 30] [8, 16, 3, 12, 28, 20, 24, 30]
3752 текущий максимум дипломов


номер итерации 166
[8, 16, 4, 12, 28, 20, 24, 30] текущие скоры, которые дают максимальное число дипломов
[8, 16, 4, 12, 28, 20, 24, 30] [8, 16, 5, 12, 28, 20, 24, 30] [8, 16, 3, 12, 28, 20, 24, 30]
3752 текущий максимум дипломов


номер итерации 167
[8, 16, 4, 12, 28, 20, 24, 30] текущие скоры, которые дают максимальное число дипломов
[8, 16, 4, 12, 28, 20, 24, 30] [8, 17, 4, 12, 28, 20, 24, 30] [8, 15, 4, 12, 28, 20, 24, 30]
3752 текущий максимум дипломов


номер итерации 168
[8, 16, 4, 12, 28, 20, 24, 30] текущие скоры, которые дают максимальное число дипломов
[8, 16, 4, 12, 28, 20, 24, 30] [8, 16, 4, 12, 42, 20, 24, 30] [8, 16, 4, 12, 27, 20, 24, 30]
3752 текущий максимум дипломов


номер итерации 169
[8, 16, 4, 12, 28, 20, 24, 30] текущие скоры, которые дают максимальное число дипломов
[8, 16, 4, 12, 28, 20, 24, 30] [8, 16, 4, 12, 28, 20, 24, 31] [8, 16, 4, 12, 28, 20, 24, 29]
3752 текущий максимум дипломов


номер итерации 170
[8, 16, 4, 12, 28, 20, 24, 29] текущие скоры, которые дают максимальное число дипломов
[8, 16, 4, 12, 28, 20, 24, 29] [8, 16, 4, 12, 29, 20, 24, 29] [8, 16, 4, 12, 27, 20, 24, 29]
3752 текущий максимум дипломов


номер итерации 171
[8, 16, 4, 12, 28, 20, 24, 29] текущие скоры, которые дают максимальное число дипломов
[8, 16, 4, 12, 28, 20, 24, 29] [8, 16, 4, 13, 28, 20, 24, 29] [8, 16, 4, 11, 28, 20, 24, 29]
3752 текущий максимум дипломов


номер итерации 172
[8, 16, 4, 12, 28, 20, 24, 29] текущие скоры, которые дают максимальное число дипломов
[8, 16, 4, 12, 28, 20, 24, 29] [8, 16, 4, 13, 28, 20, 24, 29] [8, 16, 4, 11, 28, 20, 24, 29]
3752 текущий максимум дипломов


номер итерации 173
[8, 16, 4, 12, 28, 20, 24, 29] текущие скоры, которые дают максимальное число дипломов
[8, 16, 4, 12, 28, 20, 24, 29] [9, 16, 4, 12, 28, 20, 24, 29] [7, 16, 4, 12, 28, 20, 24, 29]
3752 текущий максимум дипломов


номер итерации 174
[8, 16, 4, 12, 28, 20, 24, 29] текущие скоры, которые дают максимальное число дипломов
[8, 16, 4, 12, 28, 20, 24, 29] [8, 16, 5, 12, 28, 20, 24, 29] [8, 16, 3, 12, 28, 20, 24, 29]
3752 текущий максимум дипломов


номер итерации 175
[8, 16, 4, 12, 28, 20, 24, 29] текущие скоры, которые дают максимальное число дипломов
[8, 16, 4, 12, 28, 20, 24, 29] [9, 16, 4, 12, 28, 20, 24, 29] [7, 16, 4, 12, 28, 20, 24, 29]
3752 текущий максимум дипломов


номер итерации 176
[8, 16, 4, 12, 28, 20, 24, 29] текущие скоры, которые дают максимальное число дипломов
[8, 16, 4, 12, 28, 20, 24, 29] [8, 17, 4, 12, 28, 20, 24, 29] [8, 15, 4, 12, 28, 20, 24, 29]
3752 текущий максимум дипломов


номер итерации 177
[8, 16, 4, 12, 28, 20, 24, 29] текущие скоры, которые дают максимальное число дипломов
[8, 16, 4, 12, 28, 20, 24, 29] [8, 16, 4, 12, 28, 21, 24, 29] [8, 16, 4, 12, 28, 19, 24, 29]
3752 текущий максимум дипломов


номер итерации 178
[8, 16, 4, 12, 28, 20, 24, 29] текущие скоры, которые дают максимальное число дипломов
[8, 16, 4, 12, 28, 20, 24, 29] [9, 16, 4, 12, 28, 20, 24, 29] [7, 16, 4, 12, 28, 20, 24, 29]
3752 текущий максимум дипломов


номер итерации 179
[8, 16, 4, 12, 28, 20, 24, 29] текущие скоры, которые дают максимальное число дипломов
[8, 16, 4, 12, 28, 20, 24, 29] [8, 16, 5, 12, 28, 20, 24, 29] [8, 16, 3, 12, 28, 20, 24, 29]
3752 текущий максимум дипломов


номер итерации 180
[8, 16, 4, 12, 28, 20, 24, 29] текущие скоры, которые дают максимальное число дипломов
[8, 16, 4, 12, 28, 20, 24, 29] [8, 16, 4, 12, 28, 21, 24, 29] [8, 16, 4, 12, 28, 19, 24, 29]
3752 текущий максимум дипломов


номер итерации 181
[8, 16, 4, 12, 28, 20, 24, 29] текущие скоры, которые дают максимальное число дипломов
[8, 16, 4, 12, 28, 20, 24, 29] [8, 16, 4, 13, 28, 20, 24, 29] [8, 16, 4, 11, 28, 20, 24, 29]
3752 текущий максимум дипломов


номер итерации 182
[8, 16, 4, 12, 28, 20, 24, 29] текущие скоры, которые дают максимальное число дипломов
[8, 16, 4, 12, 28, 20, 24, 29] [9, 16, 4, 12, 28, 20, 24, 29] [7, 16, 4, 12, 28, 20, 24, 29]
3752 текущий максимум дипломов


номер итерации 183
[8, 16, 4, 12, 28, 20, 24, 29] текущие скоры, которые дают максимальное число дипломов
[8, 16, 4, 12, 28, 20, 24, 29] [8, 16, 4, 12, 29, 20, 24, 29] [8, 16, 4, 12, 27, 20, 24, 29]
3752 текущий максимум дипломов


номер итерации 184
[8, 16, 4, 12, 28, 20, 24, 29] текущие скоры, которые дают максимальное число дипломов
[8, 16, 4, 12, 28, 20, 24, 29] [9, 16, 4, 12, 28, 20, 24, 29] [7, 16, 4, 12, 28, 20, 24, 29]
3752 текущий максимум дипломов


номер итерации 185
[8, 16, 4, 12, 28, 20, 24, 29] текущие скоры, которые дают максимальное число дипломов
[8, 16, 4, 12, 28, 20, 24, 29] [8, 16, 4, 18, 28, 20, 24, 29] [8, 16, 4, 11, 28, 20, 24, 29]
3752 текущий максимум дипломов


номер итерации 186
[8, 16, 4, 12, 28, 20, 24, 29] текущие скоры, которые дают максимальное число дипломов
[8, 16, 4, 12, 28, 20, 24, 29] [8, 16, 4, 12, 29, 20, 24, 29] [8, 16, 4, 12, 27, 20, 24, 29]
3752 текущий максимум дипломов


номер итерации 187
[8, 16, 4, 12, 28, 20, 24, 29] текущие скоры, которые дают максимальное число дипломов
[8, 16, 4, 12, 28, 20, 24, 29] [8, 17, 4, 12, 28, 20, 24, 29] [8, 15, 4, 12, 28, 20, 24, 29]
3752 текущий максимум дипломов


номер итерации 188
[8, 16, 4, 12, 28, 20, 24, 29] текущие скоры, которые дают максимальное число дипломов
[8, 16, 4, 12, 28, 20, 24, 29] [8, 16, 4, 13, 28, 20, 24, 29] [8, 16, 4, 11, 28, 20, 24, 29]
3752 текущий максимум дипломов


номер итерации 189
[8, 16, 4, 12, 28, 20, 24, 29] текущие скоры, которые дают максимальное число дипломов
[8, 16, 4, 12, 28, 20, 24, 29] [12, 16, 4, 12, 28, 20, 24, 29] [7, 16, 4, 12, 28, 20, 24, 29]
3752 текущий максимум дипломов


номер итерации 190
[8, 16, 4, 12, 28, 20, 24, 29] текущие скоры, которые дают максимальное число дипломов
[8, 16, 4, 12, 28, 20, 24, 29] [8, 16, 4, 12, 28, 20, 25, 29] [8, 16, 4, 12, 28, 20, 23, 29]
3752 текущий максимум дипломов


номер итерации 191
[8, 16, 4, 12, 28, 20, 24, 29] текущие скоры, которые дают максимальное число дипломов
[8, 16, 4, 12, 28, 20, 24, 29] [9, 16, 4, 12, 28, 20, 24, 29] [7, 16, 4, 12, 28, 20, 24, 29]
3752 текущий максимум дипломов


номер итерации 192
[8, 16, 4, 12, 28, 20, 24, 29] текущие скоры, которые дают максимальное число дипломов
[8, 16, 4, 12, 28, 20, 24, 29] [8, 16, 4, 12, 42, 20, 24, 29] [8, 16, 4, 12, 27, 20, 24, 29]
3752 текущий максимум дипломов


номер итерации 193
[8, 16, 4, 12, 28, 20, 24, 29] текущие скоры, которые дают максимальное число дипломов
[8, 16, 4, 12, 28, 20, 24, 29] [8, 16, 4, 12, 29, 20, 24, 29] [8, 16, 4, 12, 27, 20, 24, 29]
3752 текущий максимум дипломов


номер итерации 194
[8, 16, 4, 12, 28, 20, 24, 29] текущие скоры, которые дают максимальное число дипломов
[8, 16, 4, 12, 28, 20, 24, 29] [8, 17, 4, 12, 28, 20, 24, 29] [8, 15, 4, 12, 28, 20, 24, 29]
3752 текущий максимум дипломов


номер итерации 195
[8, 16, 4, 12, 28, 20, 24, 29] текущие скоры, которые дают максимальное число дипломов
[8, 16, 4, 12, 28, 20, 24, 29] [8, 16, 5, 12, 28, 20, 24, 29] [8, 16, 3, 12, 28, 20, 24, 29]
3752 текущий максимум дипломов


номер итерации 196
[8, 16, 4, 12, 28, 20, 24, 29] текущие скоры, которые дают максимальное число дипломов
[8, 16, 4, 12, 28, 20, 24, 29] [8, 16, 4, 12, 28, 20, 25, 29] [8, 16, 4, 12, 28, 20, 23, 29]
3752 текущий максимум дипломов


номер итерации 197
[8, 16, 4, 12, 28, 20, 24, 29] текущие скоры, которые дают максимальное число дипломов
[8, 16, 4, 12, 28, 20, 24, 29] [8, 17, 4, 12, 28, 20, 24, 29] [8, 15, 4, 12, 28, 20, 24, 29]
3752 текущий максимум дипломов


номер итерации 198
[8, 16, 4, 12, 28, 20, 24, 29] текущие скоры, которые дают максимальное число дипломов
[8, 16, 4, 12, 28, 20, 24, 29] [8, 16, 4, 12, 28, 20, 24, 30] [8, 16, 4, 12, 28, 20, 24, 28]
3752 текущий максимум дипломов


номер итерации 199
[8, 16, 4, 12, 28, 20, 24, 29] текущие скоры, которые дают максимальное число дипломов
[8, 16, 4, 12, 28, 20, 24, 29] [9, 16, 4, 12, 28, 20, 24, 29] [7, 16, 4, 12, 28, 20, 24, 29]
3752 текущий максимум дипломов


номер итерации 200
[8, 16, 4, 12, 28, 20, 24, 29] текущие скоры, которые дают максимальное число дипломов
[8, 16, 4, 12, 28, 20, 24, 29] [8, 16, 4, 12, 28, 30, 24, 29] [8, 16, 4, 12, 28, 19, 24, 29]
3752 текущий максимум дипломов


номер итерации 201
[8, 16, 4, 12, 28, 20, 24, 29] текущие скоры, которые дают максимальное число дипломов
[8, 16, 4, 12, 28, 20, 24, 29] [8, 16, 4, 12, 28, 20, 24, 30] [8, 16, 4, 12, 28, 20, 24, 28]
3752 текущий максимум дипломов


номер итерации 202
[8, 16, 4, 12, 28, 20, 24, 29] текущие скоры, которые дают максимальное число дипломов
[8, 16, 4, 12, 28, 20, 24, 29] [8, 16, 5, 12, 28, 20, 24, 29] [8, 16, 3, 12, 28, 20, 24, 29]
3752 текущий максимум дипломов


номер итерации 203
[8, 16, 4, 12, 28, 20, 24, 29] текущие скоры, которые дают максимальное число дипломов
[8, 16, 4, 12, 28, 20, 24, 29] [8, 16, 4, 12, 28, 20, 24, 43] [8, 16, 4, 12, 28, 20, 24, 28]
3752 текущий максимум дипломов


номер итерации 204
[8, 16, 4, 12, 28, 20, 24, 29] текущие скоры, которые дают максимальное число дипломов
[8, 16, 4, 12, 28, 20, 24, 29] [8, 16, 4, 12, 28, 20, 25, 29] [8, 16, 4, 12, 28, 20, 23, 29]
3752 текущий максимум дипломов


номер итерации 205
[8, 16, 4, 12, 28, 20, 24, 29] текущие скоры, которые дают максимальное число дипломов
[8, 16, 4, 12, 28, 20, 24, 29] [8, 16, 4, 12, 28, 20, 24, 30] [8, 16, 4, 12, 28, 20, 24, 28]
3752 текущий максимум дипломов


номер итерации 206
[8, 16, 4, 12, 28, 20, 24, 29] текущие скоры, которые дают максимальное число дипломов
[8, 16, 4, 12, 28, 20, 24, 29] [8, 16, 4, 12, 42, 20, 24, 29] [8, 16, 4, 12, 27, 20, 24, 29]
3752 текущий максимум дипломов


номер итерации 207
[8, 16, 4, 12, 28, 20, 24, 29] текущие скоры, которые дают максимальное число дипломов
[8, 16, 4, 12, 28, 20, 24, 29] [9, 16, 4, 12, 28, 20, 24, 29] [7, 16, 4, 12, 28, 20, 24, 29]
3752 текущий максимум дипломов


номер итерации 208
[8, 16, 4, 12, 28, 20, 24, 29] текущие скоры, которые дают максимальное число дипломов
[8, 16, 4, 12, 28, 20, 24, 29] [8, 16, 4, 13, 28, 20, 24, 29] [8, 16, 4, 11, 28, 20, 24, 29]
3752 текущий максимум дипломов


номер итерации 209
[8, 16, 4, 12, 28, 20, 24, 29] текущие скоры, которые дают максимальное число дипломов
[8, 16, 4, 12, 28, 20, 24, 29] [8, 16, 4, 12, 28, 20, 25, 29] [8, 16, 4, 12, 28, 20, 23, 29]
3752 текущий максимум дипломов


номер итерации 210
[8, 16, 4, 12, 28, 20, 24, 29] текущие скоры, которые дают максимальное число дипломов
[8, 16, 4, 12, 28, 20, 24, 29] [8, 16, 4, 12, 28, 20, 24, 30] [8, 16, 4, 12, 28, 20, 24, 28]
3752 текущий максимум дипломов


номер итерации 211
[8, 16, 4, 12, 28, 20, 24, 29] текущие скоры, которые дают максимальное число дипломов
[8, 16, 4, 12, 28, 20, 24, 29] [8, 16, 4, 13, 28, 20, 24, 29] [8, 16, 4, 11, 28, 20, 24, 29]
3752 текущий максимум дипломов


номер итерации 212
[8, 16, 4, 12, 28, 20, 24, 29] текущие скоры, которые дают максимальное число дипломов
[8, 16, 4, 12, 28, 20, 24, 29] [8, 16, 4, 12, 42, 20, 24, 29] [8, 16, 4, 12, 27, 20, 24, 29]
3752 текущий максимум дипломов


номер итерации 213
[8, 16, 4, 12, 28, 20, 24, 29] текущие скоры, которые дают максимальное число дипломов
[8, 16, 4, 12, 28, 20, 24, 29] [8, 16, 4, 12, 42, 20, 24, 29] [8, 16, 4, 12, 27, 20, 24, 29]
3752 текущий максимум дипломов


номер итерации 214
[8, 16, 4, 12, 28, 20, 24, 29] текущие скоры, которые дают максимальное число дипломов
[8, 16, 4, 12, 28, 20, 24, 29] [8, 16, 4, 12, 28, 30, 24, 29] [8, 16, 4, 12, 28, 19, 24, 29]
3752 текущий максимум дипломов


номер итерации 215
[8, 16, 4, 12, 28, 20, 24, 29] текущие скоры, которые дают максимальное число дипломов
[8, 16, 4, 12, 28, 20, 24, 29] [8, 16, 4, 12, 28, 20, 25, 29] [8, 16, 4, 12, 28, 20, 23, 29]
3752 текущий максимум дипломов


номер итерации 216
[8, 16, 4, 12, 28, 20, 24, 29] текущие скоры, которые дают максимальное число дипломов
[8, 16, 4, 12, 28, 20, 24, 29] [8, 16, 4, 12, 29, 20, 24, 29] [8, 16, 4, 12, 27, 20, 24, 29]
3752 текущий максимум дипломов


номер итерации 217
[8, 16, 4, 12, 28, 20, 24, 29] текущие скоры, которые дают максимальное число дипломов
[8, 16, 4, 12, 28, 20, 24, 29] [8, 16, 4, 12, 28, 20, 24, 30] [8, 16, 4, 12, 28, 20, 24, 28]
3752 текущий максимум дипломов


номер итерации 218
[8, 16, 4, 12, 28, 20, 24, 29] текущие скоры, которые дают максимальное число дипломов
[8, 16, 4, 12, 28, 20, 24, 29] [9, 16, 4, 12, 28, 20, 24, 29] [7, 16, 4, 12, 28, 20, 24, 29]
3752 текущий максимум дипломов


номер итерации 219
[8, 16, 4, 12, 28, 20, 24, 29] текущие скоры, которые дают максимальное число дипломов
[8, 16, 4, 12, 28, 20, 24, 29] [8, 16, 4, 13, 28, 20, 24, 29] [8, 16, 4, 11, 28, 20, 24, 29]
3752 текущий максимум дипломов


номер итерации 220
[8, 16, 4, 12, 28, 20, 24, 29] текущие скоры, которые дают максимальное число дипломов
[8, 16, 4, 12, 28, 20, 24, 29] [8, 16, 4, 12, 28, 20, 24, 30] [8, 16, 4, 12, 28, 20, 24, 28]
3752 текущий максимум дипломов


номер итерации 221
[8, 16, 4, 12, 28, 20, 24, 29] текущие скоры, которые дают максимальное число дипломов
[8, 16, 4, 12, 28, 20, 24, 29] [8, 16, 4, 13, 28, 20, 24, 29] [8, 16, 4, 11, 28, 20, 24, 29]
3752 текущий максимум дипломов


номер итерации 222
[8, 16, 4, 12, 28, 20, 24, 29] текущие скоры, которые дают максимальное число дипломов
[8, 16, 4, 12, 28, 20, 24, 29] [8, 16, 4, 13, 28, 20, 24, 29] [8, 16, 4, 11, 28, 20, 24, 29]
3752 текущий максимум дипломов


номер итерации 223
[8, 16, 4, 12, 28, 20, 24, 29] текущие скоры, которые дают максимальное число дипломов
[8, 16, 4, 12, 28, 20, 24, 29] [8, 16, 4, 12, 29, 20, 24, 29] [8, 16, 4, 12, 27, 20, 24, 29]
3752 текущий максимум дипломов


номер итерации 224
[8, 16, 4, 12, 28, 20, 24, 29] текущие скоры, которые дают максимальное число дипломов
[8, 16, 4, 12, 28, 20, 24, 29] [8, 16, 4, 13, 28, 20, 24, 29] [8, 16, 4, 11, 28, 20, 24, 29]
3752 текущий максимум дипломов


номер итерации 225
[8, 16, 4, 12, 28, 20, 24, 29] текущие скоры, которые дают максимальное число дипломов
[8, 16, 4, 12, 28, 20, 24, 29] [12, 16, 4, 12, 28, 20, 24, 29] [7, 16, 4, 12, 28, 20, 24, 29]
3752 текущий максимум дипломов


номер итерации 226
[8, 16, 4, 12, 28, 20, 24, 29] текущие скоры, которые дают максимальное число дипломов
[8, 16, 4, 12, 28, 20, 24, 29] [8, 16, 4, 12, 29, 20, 24, 29] [8, 16, 4, 12, 27, 20, 24, 29]
3752 текущий максимум дипломов


номер итерации 227
[8, 16, 4, 12, 28, 20, 24, 29] текущие скоры, которые дают максимальное число дипломов
[8, 16, 4, 12, 28, 20, 24, 29] [8, 16, 4, 12, 29, 20, 24, 29] [8, 16, 4, 12, 27, 20, 24, 29]
3752 текущий максимум дипломов


номер итерации 228
[8, 16, 4, 12, 28, 20, 24, 29] текущие скоры, которые дают максимальное число дипломов
[8, 16, 4, 12, 28, 20, 24, 29] [8, 16, 4, 12, 28, 20, 25, 29] [8, 16, 4, 12, 28, 20, 23, 29]
3752 текущий максимум дипломов


номер итерации 229
[8, 16, 4, 12, 28, 20, 24, 29] текущие скоры, которые дают максимальное число дипломов
[8, 16, 4, 12, 28, 20, 24, 29] [8, 16, 4, 12, 28, 21, 24, 29] [8, 16, 4, 12, 28, 19, 24, 29]
3752 текущий максимум дипломов


номер итерации 230
[8, 16, 4, 12, 28, 20, 24, 29] текущие скоры, которые дают максимальное число дипломов
[8, 16, 4, 12, 28, 20, 24, 29] [8, 16, 4, 12, 28, 20, 25, 29] [8, 16, 4, 12, 28, 20, 23, 29]
3752 текущий максимум дипломов


номер итерации 231
[8, 16, 4, 12, 28, 20, 24, 29] текущие скоры, которые дают максимальное число дипломов
[8, 16, 4, 12, 28, 20, 24, 29] [8, 16, 4, 12, 28, 20, 25, 29] [8, 16, 4, 12, 28, 20, 23, 29]
3752 текущий максимум дипломов


номер итерации 232
[8, 16, 4, 12, 28, 20, 24, 29] текущие скоры, которые дают максимальное число дипломов
[8, 16, 4, 12, 28, 20, 24, 29] [8, 16, 6, 12, 28, 20, 24, 29] [8, 16, 3, 12, 28, 20, 24, 29]
3752 текущий максимум дипломов


номер итерации 233
[8, 16, 4, 12, 28, 20, 24, 29] текущие скоры, которые дают максимальное число дипломов
[8, 16, 4, 12, 28, 20, 24, 29] [9, 16, 4, 12, 28, 20, 24, 29] [7, 16, 4, 12, 28, 20, 24, 29]
3752 текущий максимум дипломов


номер итерации 234
[8, 16, 4, 12, 28, 20, 24, 29] текущие скоры, которые дают максимальное число дипломов
[8, 16, 4, 12, 28, 20, 24, 29] [8, 16, 5, 12, 28, 20, 24, 29] [8, 16, 3, 12, 28, 20, 24, 29]
3752 текущий максимум дипломов


номер итерации 235
[8, 16, 4, 12, 28, 20, 24, 29] текущие скоры, которые дают максимальное число дипломов
[8, 16, 4, 12, 28, 20, 24, 29] [8, 17, 4, 12, 28, 20, 24, 29] [8, 15, 4, 12, 28, 20, 24, 29]
3752 текущий максимум дипломов


номер итерации 236
[8, 16, 4, 12, 28, 20, 24, 29] текущие скоры, которые дают максимальное число дипломов
[8, 16, 4, 12, 28, 20, 24, 29] [8, 16, 4, 12, 28, 20, 24, 30] [8, 16, 4, 12, 28, 20, 24, 28]
3752 текущий максимум дипломов


номер итерации 237
[8, 16, 4, 12, 28, 20, 24, 29] текущие скоры, которые дают максимальное число дипломов
[8, 16, 4, 12, 28, 20, 24, 29] [8, 16, 4, 12, 28, 21, 24, 29] [8, 16, 4, 12, 28, 19, 24, 29]
3752 текущий максимум дипломов


номер итерации 238
[8, 16, 4, 12, 28, 20, 24, 29] текущие скоры, которые дают максимальное число дипломов
[8, 16, 4, 12, 28, 20, 24, 29] [8, 16, 4, 12, 28, 20, 24, 30] [8, 16, 4, 12, 28, 20, 24, 28]
3752 текущий максимум дипломов


номер итерации 239
[8, 16, 4, 12, 28, 20, 24, 29] текущие скоры, которые дают максимальное число дипломов
[8, 16, 4, 12, 28, 20, 24, 29] [8, 16, 4, 12, 28, 20, 24, 30] [8, 16, 4, 12, 28, 20, 24, 28]
3752 текущий максимум дипломов


номер итерации 240
[8, 16, 4, 12, 28, 20, 24, 29] текущие скоры, которые дают максимальное число дипломов
[8, 16, 4, 12, 28, 20, 24, 29] [8, 16, 4, 12, 28, 20, 25, 29] [8, 16, 4, 12, 28, 20, 23, 29]
yes
3752 текущий максимум дипломов


номер итерации 241
[16, 32, 8, 24, 56, 40, 48, 58] текущие скоры, которые дают максимальное число дипломов
[16, 32, 8, 24, 56, 40, 48, 58] [16, 32, 8, 24, 56, 40, 49, 58] [16, 32, 8, 24, 56, 40, 47, 58]
3752 текущий максимум дипломов


номер итерации 242
[16, 32, 8, 24, 56, 40, 48, 58] текущие скоры, которые дают максимальное число дипломов
[16, 32, 8, 24, 56, 40, 48, 58] [16, 32, 9, 24, 56, 40, 48, 58] [16, 32, 7, 24, 56, 40, 48, 58]
3752 текущий максимум дипломов


номер итерации 243
[16, 32, 8, 24, 56, 40, 48, 58] текущие скоры, которые дают максимальное число дипломов
[16, 32, 8, 24, 56, 40, 48, 58] [16, 32, 8, 25, 56, 40, 48, 58] [16, 32, 8, 23, 56, 40, 48, 58]
3752 текущий максимум дипломов


номер итерации 244
[16, 32, 8, 24, 56, 40, 48, 58] текущие скоры, которые дают максимальное число дипломов
[16, 32, 8, 24, 56, 40, 48, 58] [17, 32, 8, 24, 56, 40, 48, 58] [15, 32, 8, 24, 56, 40, 48, 58]
3752 текущий максимум дипломов


номер итерации 245
[16, 32, 8, 24, 56, 40, 48, 58] текущие скоры, которые дают максимальное число дипломов
[16, 32, 8, 24, 56, 40, 48, 58] [17, 32, 8, 24, 56, 40, 48, 58] [15, 32, 8, 24, 56, 40, 48, 58]
3752 текущий максимум дипломов


номер итерации 246
[16, 32, 8, 24, 56, 40, 48, 58] текущие скоры, которые дают максимальное число дипломов
[16, 32, 8, 24, 56, 40, 48, 58] [16, 32, 8, 24, 56, 40, 48, 59] [16, 32, 8, 24, 56, 40, 48, 57]
3752 текущий максимум дипломов


номер итерации 247
[16, 32, 8, 24, 56, 40, 48, 57] текущие скоры, которые дают максимальное число дипломов
[16, 32, 8, 24, 56, 40, 48, 57] [17, 32, 8, 24, 56, 40, 48, 57] [15, 32, 8, 24, 56, 40, 48, 57]
3752 текущий максимум дипломов


номер итерации 248
[16, 32, 8, 24, 56, 40, 48, 57] текущие скоры, которые дают максимальное число дипломов
[16, 32, 8, 24, 56, 40, 48, 57] [17, 32, 8, 24, 56, 40, 48, 57] [15, 32, 8, 24, 56, 40, 48, 57]
3752 текущий максимум дипломов


номер итерации 249
[16, 32, 8, 24, 56, 40, 48, 57] текущие скоры, которые дают максимальное число дипломов
[16, 32, 8, 24, 56, 40, 48, 57] [16, 33, 8, 24, 56, 40, 48, 57] [16, 31, 8, 24, 56, 40, 48, 57]
3752 текущий максимум дипломов


номер итерации 250
[16, 32, 8, 24, 56, 40, 48, 57] текущие скоры, которые дают максимальное число дипломов
[16, 32, 8, 24, 56, 40, 48, 57] [16, 32, 8, 25, 56, 40, 48, 57] [16, 32, 8, 23, 56, 40, 48, 57]
3752 текущий максимум дипломов


номер итерации 251
[16, 32, 8, 24, 56, 40, 48, 57] текущие скоры, которые дают максимальное число дипломов
[16, 32, 8, 24, 56, 40, 48, 57] [16, 32, 8, 25, 56, 40, 48, 57] [16, 32, 8, 23, 56, 40, 48, 57]
3752 текущий максимум дипломов


номер итерации 252
[16, 32, 8, 24, 56, 40, 48, 57] текущие скоры, которые дают максимальное число дипломов
[16, 32, 8, 24, 56, 40, 48, 57] [16, 32, 8, 24, 56, 40, 49, 57] [16, 32, 8, 24, 56, 40, 47, 57]
3752 текущий максимум дипломов


номер итерации 253
[16, 32, 8, 24, 56, 40, 48, 57] текущие скоры, которые дают максимальное число дипломов
[16, 32, 8, 24, 56, 40, 48, 57] [16, 32, 8, 24, 57, 40, 48, 57] [16, 32, 8, 24, 55, 40, 48, 57]
3752 текущий максимум дипломов


номер итерации 254
[16, 32, 8, 24, 56, 40, 48, 57] текущие скоры, которые дают максимальное число дипломов
[16, 32, 8, 24, 56, 40, 48, 57] [17, 32, 8, 24, 56, 40, 48, 57] [15, 32, 8, 24, 56, 40, 48, 57]
3752 текущий максимум дипломов


номер итерации 255
[16, 32, 8, 24, 56, 40, 48, 57] текущие скоры, которые дают максимальное число дипломов
[16, 32, 8, 24, 56, 40, 48, 57] [16, 32, 8, 24, 56, 40, 48, 58] [16, 32, 8, 24, 56, 40, 48, 56]
3752 текущий максимум дипломов


номер итерации 256
[16, 32, 8, 24, 56, 40, 48, 57] текущие скоры, которые дают максимальное число дипломов
[16, 32, 8, 24, 56, 40, 48, 57] [16, 33, 8, 24, 56, 40, 48, 57] [16, 31, 8, 24, 56, 40, 48, 57]
3752 текущий максимум дипломов


номер итерации 257
[16, 32, 8, 24, 56, 40, 48, 57] текущие скоры, которые дают максимальное число дипломов
[16, 32, 8, 24, 56, 40, 48, 57] [16, 32, 9, 24, 56, 40, 48, 57] [16, 32, 7, 24, 56, 40, 48, 57]
3752 текущий максимум дипломов


номер итерации 258
[16, 32, 8, 24, 56, 40, 48, 57] текущие скоры, которые дают максимальное число дипломов
[16, 32, 8, 24, 56, 40, 48, 57] [16, 32, 8, 24, 56, 41, 48, 57] [16, 32, 8, 24, 56, 39, 48, 57]
3752 текущий максимум дипломов


номер итерации 259
[16, 32, 8, 24, 56, 40, 48, 57] текущие скоры, которые дают максимальное число дипломов
[16, 32, 8, 24, 56, 40, 48, 57] [16, 32, 8, 25, 56, 40, 48, 57] [16, 32, 8, 23, 56, 40, 48, 57]
3752 текущий максимум дипломов


номер итерации 260
[16, 32, 8, 24, 56, 40, 48, 57] текущие скоры, которые дают максимальное число дипломов
[16, 32, 8, 24, 56, 40, 48, 57] [16, 32, 8, 24, 56, 40, 49, 57] [16, 32, 8, 24, 56, 40, 47, 57]
3752 текущий максимум дипломов


номер итерации 261
[16, 32, 8, 24, 56, 40, 48, 57] текущие скоры, которые дают максимальное число дипломов
[16, 32, 8, 24, 56, 40, 48, 57] [17, 32, 8, 24, 56, 40, 48, 57] [15, 32, 8, 24, 56, 40, 48, 57]
3752 текущий максимум дипломов


номер итерации 262
[16, 32, 8, 24, 56, 40, 48, 57] текущие скоры, которые дают максимальное число дипломов
[16, 32, 8, 24, 56, 40, 48, 57] [16, 32, 8, 24, 56, 40, 49, 57] [16, 32, 8, 24, 56, 40, 47, 57]
3752 текущий максимум дипломов


номер итерации 263
[16, 32, 8, 24, 56, 40, 48, 57] текущие скоры, которые дают максимальное число дипломов
[16, 32, 8, 24, 56, 40, 48, 57] [16, 32, 8, 24, 56, 40, 49, 57] [16, 32, 8, 24, 56, 40, 47, 57]
3752 текущий максимум дипломов


номер итерации 264
[16, 32, 8, 24, 56, 40, 48, 57] текущие скоры, которые дают максимальное число дипломов
[16, 32, 8, 24, 56, 40, 48, 57] [16, 32, 8, 24, 56, 40, 72, 57] [16, 32, 8, 24, 56, 40, 47, 57]
3752 текущий максимум дипломов


номер итерации 265
[16, 32, 8, 24, 56, 40, 48, 57] текущие скоры, которые дают максимальное число дипломов
[16, 32, 8, 24, 56, 40, 48, 57] [16, 32, 8, 24, 56, 41, 48, 57] [16, 32, 8, 24, 56, 39, 48, 57]
3752 текущий максимум дипломов


номер итерации 266
[16, 32, 8, 24, 56, 40, 48, 57] текущие скоры, которые дают максимальное число дипломов
[16, 32, 8, 24, 56, 40, 48, 57] [16, 33, 8, 24, 56, 40, 48, 57] [16, 31, 8, 24, 56, 40, 48, 57]
3752 текущий максимум дипломов


номер итерации 267
[16, 32, 8, 24, 56, 40, 48, 57] текущие скоры, которые дают максимальное число дипломов
[16, 32, 8, 24, 56, 40, 48, 57] [16, 32, 8, 24, 57, 40, 48, 57] [16, 32, 8, 24, 55, 40, 48, 57]
3752 текущий максимум дипломов


номер итерации 268
[16, 32, 8, 24, 56, 40, 48, 57] текущие скоры, которые дают максимальное число дипломов
[16, 32, 8, 24, 56, 40, 48, 57] [16, 32, 8, 25, 56, 40, 48, 57] [16, 32, 8, 23, 56, 40, 48, 57]
3752 текущий максимум дипломов


номер итерации 269
[16, 32, 8, 24, 56, 40, 48, 57] текущие скоры, которые дают максимальное число дипломов
[16, 32, 8, 24, 56, 40, 48, 57] [16, 32, 9, 24, 56, 40, 48, 57] [16, 32, 7, 24, 56, 40, 48, 57]
3752 текущий максимум дипломов


номер итерации 270
[16, 32, 8, 24, 56, 40, 48, 57] текущие скоры, которые дают максимальное число дипломов
[16, 32, 8, 24, 56, 40, 48, 57] [16, 32, 8, 24, 56, 41, 48, 57] [16, 32, 8, 24, 56, 39, 48, 57]
3752 текущий максимум дипломов


номер итерации 271
[16, 32, 8, 24, 56, 40, 48, 57] текущие скоры, которые дают максимальное число дипломов
[16, 32, 8, 24, 56, 40, 48, 57] [16, 32, 8, 24, 56, 40, 48, 58] [16, 32, 8, 24, 56, 40, 48, 56]
3752 текущий максимум дипломов


номер итерации 272
[16, 32, 8, 24, 56, 40, 48, 57] текущие скоры, которые дают максимальное число дипломов
[16, 32, 8, 24, 56, 40, 48, 57] [16, 32, 8, 36, 56, 40, 48, 57] [16, 32, 8, 23, 56, 40, 48, 57]
3752 текущий максимум дипломов


номер итерации 273
[16, 32, 8, 24, 56, 40, 48, 57] текущие скоры, которые дают максимальное число дипломов
[16, 32, 8, 24, 56, 40, 48, 57] [16, 32, 8, 25, 56, 40, 48, 57] [16, 32, 8, 23, 56, 40, 48, 57]
3752 текущий максимум дипломов


номер итерации 274
[16, 32, 8, 24, 56, 40, 48, 57] текущие скоры, которые дают максимальное число дипломов
[16, 32, 8, 24, 56, 40, 48, 57] [16, 32, 9, 24, 56, 40, 48, 57] [16, 32, 7, 24, 56, 40, 48, 57]
3752 текущий максимум дипломов


номер итерации 275
[16, 32, 8, 24, 56, 40, 48, 57] текущие скоры, которые дают максимальное число дипломов
[16, 32, 8, 24, 56, 40, 48, 57] [16, 32, 8, 24, 56, 40, 48, 58] [16, 32, 8, 24, 56, 40, 48, 56]
3752 текущий максимум дипломов


номер итерации 276
[16, 32, 8, 24, 56, 40, 48, 57] текущие скоры, которые дают максимальное число дипломов
[16, 32, 8, 24, 56, 40, 48, 57] [16, 33, 8, 24, 56, 40, 48, 57] [16, 31, 8, 24, 56, 40, 48, 57]
3752 текущий максимум дипломов


номер итерации 277
[16, 32, 8, 24, 56, 40, 48, 57] текущие скоры, которые дают максимальное число дипломов
[16, 32, 8, 24, 56, 40, 48, 57] [16, 32, 9, 24, 56, 40, 48, 57] [16, 32, 7, 24, 56, 40, 48, 57]
3752 текущий максимум дипломов


номер итерации 278
[16, 32, 8, 24, 56, 40, 48, 57] текущие скоры, которые дают максимальное число дипломов
[16, 32, 8, 24, 56, 40, 48, 57] [16, 32, 8, 24, 84, 40, 48, 57] [16, 32, 8, 24, 55, 40, 48, 57]
3752 текущий максимум дипломов


номер итерации 279
[16, 32, 8, 24, 56, 40, 48, 57] текущие скоры, которые дают максимальное число дипломов
[16, 32, 8, 24, 56, 40, 48, 57] [16, 32, 8, 24, 56, 41, 48, 57] [16, 32, 8, 24, 56, 39, 48, 57]
3752 текущий максимум дипломов


номер итерации 280
[16, 32, 8, 24, 56, 40, 48, 57] текущие скоры, которые дают максимальное число дипломов
[16, 32, 8, 24, 56, 40, 48, 57] [16, 32, 8, 24, 56, 40, 48, 58] [16, 32, 8, 24, 56, 40, 48, 56]
3752 текущий максимум дипломов


номер итерации 281
[16, 32, 8, 24, 56, 40, 48, 57] текущие скоры, которые дают максимальное число дипломов
[16, 32, 8, 24, 56, 40, 48, 57] [17, 32, 8, 24, 56, 40, 48, 57] [15, 32, 8, 24, 56, 40, 48, 57]
3752 текущий максимум дипломов


номер итерации 282
[16, 32, 8, 24, 56, 40, 48, 57] текущие скоры, которые дают максимальное число дипломов
[16, 32, 8, 24, 56, 40, 48, 57] [16, 32, 8, 25, 56, 40, 48, 57] [16, 32, 8, 23, 56, 40, 48, 57]
3752 текущий максимум дипломов


номер итерации 283
[16, 32, 8, 24, 56, 40, 48, 57] текущие скоры, которые дают максимальное число дипломов
[16, 32, 8, 24, 56, 40, 48, 57] [16, 32, 9, 24, 56, 40, 48, 57] [16, 32, 7, 24, 56, 40, 48, 57]
3752 текущий максимум дипломов


номер итерации 284
[16, 32, 8, 24, 56, 40, 48, 57] текущие скоры, которые дают максимальное число дипломов
[16, 32, 8, 24, 56, 40, 48, 57] [16, 32, 8, 24, 56, 41, 48, 57] [16, 32, 8, 24, 56, 39, 48, 57]
3752 текущий максимум дипломов


номер итерации 285
[16, 32, 8, 24, 56, 40, 48, 57] текущие скоры, которые дают максимальное число дипломов
[16, 32, 8, 24, 56, 40, 48, 57] [16, 33, 8, 24, 56, 40, 48, 57] [16, 31, 8, 24, 56, 40, 48, 57]
3752 текущий максимум дипломов


номер итерации 286
[16, 32, 8, 24, 56, 40, 48, 57] текущие скоры, которые дают максимальное число дипломов
[16, 32, 8, 24, 56, 40, 48, 57] [16, 32, 8, 24, 56, 40, 48, 58] [16, 32, 8, 24, 56, 40, 48, 56]
3752 текущий максимум дипломов


номер итерации 287
[16, 32, 8, 24, 56, 40, 48, 57] текущие скоры, которые дают максимальное число дипломов
[16, 32, 8, 24, 56, 40, 48, 57] [16, 32, 8, 24, 56, 41, 48, 57] [16, 32, 8, 24, 56, 39, 48, 57]
3752 текущий максимум дипломов


номер итерации 288
[16, 32, 8, 24, 56, 40, 48, 57] текущие скоры, которые дают максимальное число дипломов
[16, 32, 8, 24, 56, 40, 48, 57] [16, 32, 8, 24, 56, 41, 48, 57] [16, 32, 8, 24, 56, 39, 48, 57]
3752 текущий максимум дипломов


номер итерации 289
[16, 32, 8, 24, 56, 40, 48, 57] текущие скоры, которые дают максимальное число дипломов
[16, 32, 8, 24, 56, 40, 48, 57] [16, 33, 8, 24, 56, 40, 48, 57] [16, 31, 8, 24, 56, 40, 48, 57]
3752 текущий максимум дипломов


номер итерации 290
[16, 32, 8, 24, 56, 40, 48, 57] текущие скоры, которые дают максимальное число дипломов
[16, 32, 8, 24, 56, 40, 48, 57] [16, 32, 8, 24, 57, 40, 48, 57] [16, 32, 8, 24, 55, 40, 48, 57]
3752 текущий максимум дипломов


номер итерации 291
[16, 32, 8, 24, 56, 40, 48, 57] текущие скоры, которые дают максимальное число дипломов
[16, 32, 8, 24, 56, 40, 48, 57] [16, 32, 9, 24, 56, 40, 48, 57] [16, 32, 7, 24, 56, 40, 48, 57]
3752 текущий максимум дипломов


номер итерации 292
[16, 32, 8, 24, 56, 40, 48, 57] текущие скоры, которые дают максимальное число дипломов
[16, 32, 8, 24, 56, 40, 48, 57] [16, 32, 8, 24, 56, 40, 48, 58] [16, 32, 8, 24, 56, 40, 48, 56]
3752 текущий максимум дипломов


номер итерации 293
[16, 32, 8, 24, 56, 40, 48, 57] текущие скоры, которые дают максимальное число дипломов
[16, 32, 8, 24, 56, 40, 48, 57] [16, 32, 8, 25, 56, 40, 48, 57] [16, 32, 8, 23, 56, 40, 48, 57]
3752 текущий максимум дипломов


номер итерации 294
[16, 32, 8, 24, 56, 40, 48, 57] текущие скоры, которые дают максимальное число дипломов
[16, 32, 8, 24, 56, 40, 48, 57] [16, 32, 9, 24, 56, 40, 48, 57] [16, 32, 7, 24, 56, 40, 48, 57]
3752 текущий максимум дипломов


номер итерации 295
[16, 32, 8, 24, 56, 40, 48, 57] текущие скоры, которые дают максимальное число дипломов
[16, 32, 8, 24, 56, 40, 48, 57] [16, 32, 8, 24, 56, 41, 48, 57] [16, 32, 8, 24, 56, 39, 48, 57]
3752 текущий максимум дипломов


номер итерации 296
[16, 32, 8, 24, 56, 40, 48, 57] текущие скоры, которые дают максимальное число дипломов
[16, 32, 8, 24, 56, 40, 48, 57] [16, 32, 8, 25, 56, 40, 48, 57] [16, 32, 8, 23, 56, 40, 48, 57]
3752 текущий максимум дипломов


номер итерации 297
[16, 32, 8, 24, 56, 40, 48, 57] текущие скоры, которые дают максимальное число дипломов
[16, 32, 8, 24, 56, 40, 48, 57] [16, 32, 8, 24, 56, 40, 48, 58] [16, 32, 8, 24, 56, 40, 48, 56]
3752 текущий максимум дипломов


номер итерации 298
[16, 32, 8, 24, 56, 40, 48, 57] текущие скоры, которые дают максимальное число дипломов
[16, 32, 8, 24, 56, 40, 48, 57] [16, 32, 8, 25, 56, 40, 48, 57] [16, 32, 8, 23, 56, 40, 48, 57]
3752 текущий максимум дипломов


номер итерации 299
[16, 32, 8, 24, 56, 40, 48, 57] текущие скоры, которые дают максимальное число дипломов
[16, 32, 8, 24, 56, 40, 48, 57] [16, 32, 8, 36, 56, 40, 48, 57] [16, 32, 8, 23, 56, 40, 48, 57]
3752 текущий максимум дипломов


номер итерации 300
[16, 32, 8, 24, 56, 40, 48, 57] текущие скоры, которые дают максимальное число дипломов
[16, 32, 8, 24, 56, 40, 48, 57] [16, 32, 8, 24, 56, 41, 48, 57] [16, 32, 8, 24, 56, 39, 48, 57]
3752 текущий максимум дипломов

Process finished with exit code 0
