C:\Users\xeny\PycharmProjects\SiriusAnalysis\venv\Scripts\python.exe C:/Users/xeny/PycharmProjects/SiriusAnalysis/MakeReport.py
D:\home\xeny\Documents\Результаты олимпиад\356
D:\home\xeny\Documents\Результаты олимпиад\356
8
[1, 1, 1, 1, 1, 1, 1, 1]
идеальное количество дипломов 7979
[('1', 0.18), ('2', 0.29), ('3', 0.13), ('4', 0.05), ('5', 0.03), ('7', 0.01), ('8', 0.0), ('6', 0.06)] сложности задач: сложность:номер задачи
[('2', 0.29), ('1', 0.18), ('3', 0.13), ('6', 0.06), ('4', 0.05), ('5', 0.03), ('7', 0.01), ('8', 0.0)] look here
[0.29, 0.18, 0.13, 0.06, 0.05, 0.03, 0.01, 0.0]
[('1', 0.18), ('2', 0.29), ('3', 0.13), ('4', 0.05), ('5', 0.03), ('7', 0.01), ('8', 0.0), ('6', 0.06)] сложности задач: сложность:номер задачи
[2, 1, 3, 5, 6, 4, 7, 8]
Новое колво дипломов 7739
Старое колво дипломов 5190


номер итерации 1
[2, 1, 3, 5, 6, 4, 7, 8] текущие скоры, которые дают максимальное число дипломов
[2, 1, 3, 5, 6, 4, 7, 8] [2, 1, 3, 6, 6, 4, 7, 8] [2, 1, 3, 4, 6, 4, 7, 8]
7739 текущий максимум дипломов


номер итерации 2
[2, 1, 3, 5, 6, 4, 7, 8] текущие скоры, которые дают максимальное число дипломов
[2, 1, 3, 5, 6, 4, 7, 8] [2, 1, 3, 5, 6, 4, 8, 8] [2, 1, 3, 5, 6, 4, 6, 8]
7739 текущий максимум дипломов


номер итерации 3
[2, 1, 3, 5, 6, 4, 7, 8] текущие скоры, которые дают максимальное число дипломов
[2, 1, 3, 5, 6, 4, 7, 8] [2, 1, 3, 7, 6, 4, 7, 8] [2, 1, 3, 4, 6, 4, 7, 8]
7739 текущий максимум дипломов


номер итерации 4
[2, 1, 3, 5, 6, 4, 7, 8] текущие скоры, которые дают максимальное число дипломов
[2, 1, 3, 5, 6, 4, 7, 8] [2, 1, 3, 6, 6, 4, 7, 8] [2, 1, 3, 4, 6, 4, 7, 8]
7739 текущий максимум дипломов


номер итерации 5
[2, 1, 3, 5, 6, 4, 7, 8] текущие скоры, которые дают максимальное число дипломов
[2, 1, 3, 5, 6, 4, 7, 8] [2, 1, 3, 6, 6, 4, 7, 8] [2, 1, 3, 4, 6, 4, 7, 8]
7739 текущий максимум дипломов


номер итерации 6
[2, 1, 3, 5, 6, 4, 7, 8] текущие скоры, которые дают максимальное число дипломов
[2, 1, 3, 5, 6, 4, 7, 8] [2, 2, 3, 5, 6, 4, 7, 8] [2, 1, 3, 5, 6, 4, 7, 8]
7739 текущий максимум дипломов


номер итерации 7
[2, 1, 3, 5, 6, 4, 7, 8] текущие скоры, которые дают максимальное число дипломов
[2, 1, 3, 5, 6, 4, 7, 8] [2, 1, 3, 5, 9, 4, 7, 8] [2, 1, 3, 5, 5, 4, 7, 8]
7739 текущий максимум дипломов


номер итерации 8
[2, 1, 3, 5, 6, 4, 7, 8] текущие скоры, которые дают максимальное число дипломов
[2, 1, 3, 5, 6, 4, 7, 8] [2, 1, 3, 6, 6, 4, 7, 8] [2, 1, 3, 4, 6, 4, 7, 8]
7739 текущий максимум дипломов


номер итерации 9
[2, 1, 3, 5, 6, 4, 7, 8] текущие скоры, которые дают максимальное число дипломов
[2, 1, 3, 5, 6, 4, 7, 8] [2, 1, 3, 5, 6, 5, 7, 8] [2, 1, 3, 5, 6, 3, 7, 8]
7739 текущий максимум дипломов


номер итерации 10
[2, 1, 3, 5, 6, 4, 7, 8] текущие скоры, которые дают максимальное число дипломов
[2, 1, 3, 5, 6, 4, 7, 8] [2, 1, 3, 6, 6, 4, 7, 8] [2, 1, 3, 4, 6, 4, 7, 8]
7739 текущий максимум дипломов


номер итерации 11
[2, 1, 3, 5, 6, 4, 7, 8] текущие скоры, которые дают максимальное число дипломов
[2, 1, 3, 5, 6, 4, 7, 8] [2, 1, 3, 5, 7, 4, 7, 8] [2, 1, 3, 5, 5, 4, 7, 8]
7739 текущий максимум дипломов


номер итерации 12
[2, 1, 3, 5, 6, 4, 7, 8] текущие скоры, которые дают максимальное число дипломов
[2, 1, 3, 5, 6, 4, 7, 8] [2, 1, 4, 5, 6, 4, 7, 8] [2, 1, 2, 5, 6, 4, 7, 8]
7739 текущий максимум дипломов


номер итерации 13
[2, 1, 3, 5, 6, 4, 7, 8] текущие скоры, которые дают максимальное число дипломов
[2, 1, 3, 5, 6, 4, 7, 8] [2, 2, 3, 5, 6, 4, 7, 8] [2, 1, 3, 5, 6, 4, 7, 8]
7739 текущий максимум дипломов


номер итерации 14
[2, 1, 3, 5, 6, 4, 7, 8] текущие скоры, которые дают максимальное число дипломов
[2, 1, 3, 5, 6, 4, 7, 8] [2, 1, 3, 5, 6, 5, 7, 8] [2, 1, 3, 5, 6, 3, 7, 8]
7739 текущий максимум дипломов


номер итерации 15
[2, 1, 3, 5, 6, 4, 7, 8] текущие скоры, которые дают максимальное число дипломов
[2, 1, 3, 5, 6, 4, 7, 8] [2, 1, 3, 5, 6, 4, 8, 8] [2, 1, 3, 5, 6, 4, 6, 8]
7739 текущий максимум дипломов


номер итерации 16
[2, 1, 3, 5, 6, 4, 7, 8] текущие скоры, которые дают максимальное число дипломов
[2, 1, 3, 5, 6, 4, 7, 8] [2, 2, 3, 5, 6, 4, 7, 8] [2, 1, 3, 5, 6, 4, 7, 8]
7739 текущий максимум дипломов


номер итерации 17
[2, 1, 3, 5, 6, 4, 7, 8] текущие скоры, которые дают максимальное число дипломов
[2, 1, 3, 5, 6, 4, 7, 8] [2, 1, 3, 5, 6, 5, 7, 8] [2, 1, 3, 5, 6, 3, 7, 8]
7739 текущий максимум дипломов


номер итерации 18
[2, 1, 3, 5, 6, 4, 7, 8] текущие скоры, которые дают максимальное число дипломов
[2, 1, 3, 5, 6, 4, 7, 8] [2, 1, 3, 5, 6, 4, 8, 8] [2, 1, 3, 5, 6, 4, 6, 8]
7739 текущий максимум дипломов


номер итерации 19
[2, 1, 3, 5, 6, 4, 7, 8] текущие скоры, которые дают максимальное число дипломов
[2, 1, 3, 5, 6, 4, 7, 8] [2, 1, 3, 5, 6, 4, 7, 9] [2, 1, 3, 5, 6, 4, 7, 7]
7739 текущий максимум дипломов


номер итерации 20
[2, 1, 3, 5, 6, 4, 7, 8] текущие скоры, которые дают максимальное число дипломов
[2, 1, 3, 5, 6, 4, 7, 8] [2, 1, 3, 5, 6, 4, 8, 8] [2, 1, 3, 5, 6, 4, 6, 8]
7739 текущий максимум дипломов


номер итерации 21
[2, 1, 3, 5, 6, 4, 7, 8] текущие скоры, которые дают максимальное число дипломов
[2, 1, 3, 5, 6, 4, 7, 8] [2, 1, 3, 5, 6, 5, 7, 8] [2, 1, 3, 5, 6, 3, 7, 8]
7739 текущий максимум дипломов


номер итерации 22
[2, 1, 3, 5, 6, 4, 7, 8] текущие скоры, которые дают максимальное число дипломов
[2, 1, 3, 5, 6, 4, 7, 8] [2, 1, 3, 6, 6, 4, 7, 8] [2, 1, 3, 4, 6, 4, 7, 8]
7739 текущий максимум дипломов


номер итерации 23
[2, 1, 3, 5, 6, 4, 7, 8] текущие скоры, которые дают максимальное число дипломов
[2, 1, 3, 5, 6, 4, 7, 8] [2, 1, 3, 5, 6, 4, 7, 9] [2, 1, 3, 5, 6, 4, 7, 7]
7739 текущий максимум дипломов


номер итерации 24
[2, 1, 3, 5, 6, 4, 7, 8] текущие скоры, которые дают максимальное число дипломов
[2, 1, 3, 5, 6, 4, 7, 8] [2, 2, 3, 5, 6, 4, 7, 8] [2, 1, 3, 5, 6, 4, 7, 8]
7739 текущий максимум дипломов


номер итерации 25
[2, 1, 3, 5, 6, 4, 7, 8] текущие скоры, которые дают максимальное число дипломов
[2, 1, 3, 5, 6, 4, 7, 8] [3, 1, 3, 5, 6, 4, 7, 8] [1, 1, 3, 5, 6, 4, 7, 8]
7739 текущий максимум дипломов


номер итерации 26
[2, 1, 3, 5, 6, 4, 7, 8] текущие скоры, которые дают максимальное число дипломов
[2, 1, 3, 5, 6, 4, 7, 8] [2, 1, 4, 5, 6, 4, 7, 8] [2, 1, 2, 5, 6, 4, 7, 8]
7739 текущий максимум дипломов


номер итерации 27
[2, 1, 3, 5, 6, 4, 7, 8] текущие скоры, которые дают максимальное число дипломов
[2, 1, 3, 5, 6, 4, 7, 8] [2, 1, 3, 5, 6, 4, 7, 9] [2, 1, 3, 5, 6, 4, 7, 7]
7739 текущий максимум дипломов


номер итерации 28
[2, 1, 3, 5, 6, 4, 7, 8] текущие скоры, которые дают максимальное число дипломов
[2, 1, 3, 5, 6, 4, 7, 8] [2, 1, 3, 5, 7, 4, 7, 8] [2, 1, 3, 5, 5, 4, 7, 8]
7739 текущий максимум дипломов


номер итерации 29
[2, 1, 3, 5, 6, 4, 7, 8] текущие скоры, которые дают максимальное число дипломов
[2, 1, 3, 5, 6, 4, 7, 8] [3, 1, 3, 5, 6, 4, 7, 8] [1, 1, 3, 5, 6, 4, 7, 8]
7739 текущий максимум дипломов


номер итерации 30
[2, 1, 3, 5, 6, 4, 7, 8] текущие скоры, которые дают максимальное число дипломов
[2, 1, 3, 5, 6, 4, 7, 8] [2, 2, 3, 5, 6, 4, 7, 8] [2, 1, 3, 5, 6, 4, 7, 8]
7739 текущий максимум дипломов


номер итерации 31
[2, 1, 3, 5, 6, 4, 7, 8] текущие скоры, которые дают максимальное число дипломов
[2, 1, 3, 5, 6, 4, 7, 8] [2, 1, 3, 6, 6, 4, 7, 8] [2, 1, 3, 4, 6, 4, 7, 8]
7739 текущий максимум дипломов


номер итерации 32
[2, 1, 3, 5, 6, 4, 7, 8] текущие скоры, которые дают максимальное число дипломов
[2, 1, 3, 5, 6, 4, 7, 8] [2, 1, 3, 5, 6, 4, 8, 8] [2, 1, 3, 5, 6, 4, 6, 8]
7739 текущий максимум дипломов


номер итерации 33
[2, 1, 3, 5, 6, 4, 7, 8] текущие скоры, которые дают максимальное число дипломов
[2, 1, 3, 5, 6, 4, 7, 8] [2, 1, 3, 5, 6, 5, 7, 8] [2, 1, 3, 5, 6, 3, 7, 8]
7739 текущий максимум дипломов


номер итерации 34
[2, 1, 3, 5, 6, 4, 7, 8] текущие скоры, которые дают максимальное число дипломов
[2, 1, 3, 5, 6, 4, 7, 8] [2, 2, 3, 5, 6, 4, 7, 8] [2, 1, 3, 5, 6, 4, 7, 8]
7739 текущий максимум дипломов


номер итерации 35
[2, 1, 3, 5, 6, 4, 7, 8] текущие скоры, которые дают максимальное число дипломов
[2, 1, 3, 5, 6, 4, 7, 8] [2, 1, 3, 5, 7, 4, 7, 8] [2, 1, 3, 5, 5, 4, 7, 8]
7739 текущий максимум дипломов


номер итерации 36
[2, 1, 3, 5, 6, 4, 7, 8] текущие скоры, которые дают максимальное число дипломов
[2, 1, 3, 5, 6, 4, 7, 8] [2, 1, 3, 5, 6, 4, 7, 12] [2, 1, 3, 5, 6, 4, 7, 7]
7739 текущий максимум дипломов


номер итерации 37
[2, 1, 3, 5, 6, 4, 7, 8] текущие скоры, которые дают максимальное число дипломов
[2, 1, 3, 5, 6, 4, 7, 8] [2, 1, 3, 6, 6, 4, 7, 8] [2, 1, 3, 4, 6, 4, 7, 8]
7739 текущий максимум дипломов


номер итерации 38
[2, 1, 3, 5, 6, 4, 7, 8] текущие скоры, которые дают максимальное число дипломов
[2, 1, 3, 5, 6, 4, 7, 8] [2, 2, 3, 5, 6, 4, 7, 8] [2, 1, 3, 5, 6, 4, 7, 8]
7739 текущий максимум дипломов


номер итерации 39
[2, 1, 3, 5, 6, 4, 7, 8] текущие скоры, которые дают максимальное число дипломов
[2, 1, 3, 5, 6, 4, 7, 8] [2, 1, 4, 5, 6, 4, 7, 8] [2, 1, 2, 5, 6, 4, 7, 8]
7739 текущий максимум дипломов


номер итерации 40
[2, 1, 3, 5, 6, 4, 7, 8] текущие скоры, которые дают максимальное число дипломов
[2, 1, 3, 5, 6, 4, 7, 8] [2, 1, 3, 5, 6, 5, 7, 8] [2, 1, 3, 5, 6, 3, 7, 8]
7739 текущий максимум дипломов


номер итерации 41
[2, 1, 3, 5, 6, 4, 7, 8] текущие скоры, которые дают максимальное число дипломов
[2, 1, 3, 5, 6, 4, 7, 8] [3, 1, 3, 5, 6, 4, 7, 8] [1, 1, 3, 5, 6, 4, 7, 8]
7739 текущий максимум дипломов


номер итерации 42
[2, 1, 3, 5, 6, 4, 7, 8] текущие скоры, которые дают максимальное число дипломов
[2, 1, 3, 5, 6, 4, 7, 8] [2, 1, 3, 5, 6, 4, 8, 8] [2, 1, 3, 5, 6, 4, 6, 8]
7739 текущий максимум дипломов


номер итерации 43
[2, 1, 3, 5, 6, 4, 7, 8] текущие скоры, которые дают максимальное число дипломов
[2, 1, 3, 5, 6, 4, 7, 8] [2, 1, 3, 5, 7, 4, 7, 8] [2, 1, 3, 5, 5, 4, 7, 8]
7739 текущий максимум дипломов


номер итерации 44
[2, 1, 3, 5, 6, 4, 7, 8] текущие скоры, которые дают максимальное число дипломов
[2, 1, 3, 5, 6, 4, 7, 8] [2, 1, 3, 5, 7, 4, 7, 8] [2, 1, 3, 5, 5, 4, 7, 8]
7739 текущий максимум дипломов


номер итерации 45
[2, 1, 3, 5, 6, 4, 7, 8] текущие скоры, которые дают максимальное число дипломов
[2, 1, 3, 5, 6, 4, 7, 8] [2, 1, 3, 5, 6, 5, 7, 8] [2, 1, 3, 5, 6, 3, 7, 8]
7739 текущий максимум дипломов


номер итерации 46
[2, 1, 3, 5, 6, 4, 7, 8] текущие скоры, которые дают максимальное число дипломов
[2, 1, 3, 5, 6, 4, 7, 8] [2, 1, 3, 5, 6, 4, 10, 8] [2, 1, 3, 5, 6, 4, 6, 8]
7739 текущий максимум дипломов


номер итерации 47
[2, 1, 3, 5, 6, 4, 7, 8] текущие скоры, которые дают максимальное число дипломов
[2, 1, 3, 5, 6, 4, 7, 8] [2, 2, 3, 5, 6, 4, 7, 8] [2, 1, 3, 5, 6, 4, 7, 8]
7739 текущий максимум дипломов


номер итерации 48
[2, 1, 3, 5, 6, 4, 7, 8] текущие скоры, которые дают максимальное число дипломов
[2, 1, 3, 5, 6, 4, 7, 8] [2, 1, 3, 6, 6, 4, 7, 8] [2, 1, 3, 4, 6, 4, 7, 8]
7739 текущий максимум дипломов


номер итерации 49
[2, 1, 3, 5, 6, 4, 7, 8] текущие скоры, которые дают максимальное число дипломов
[2, 1, 3, 5, 6, 4, 7, 8] [2, 1, 3, 5, 7, 4, 7, 8] [2, 1, 3, 5, 5, 4, 7, 8]
7739 текущий максимум дипломов


номер итерации 50
[2, 1, 3, 5, 6, 4, 7, 8] текущие скоры, которые дают максимальное число дипломов
[2, 1, 3, 5, 6, 4, 7, 8] [2, 1, 3, 5, 9, 4, 7, 8] [2, 1, 3, 5, 5, 4, 7, 8]
7739 текущий максимум дипломов


номер итерации 51
[2, 1, 3, 5, 6, 4, 7, 8] текущие скоры, которые дают максимальное число дипломов
[2, 1, 3, 5, 6, 4, 7, 8] [2, 1, 4, 5, 6, 4, 7, 8] [2, 1, 2, 5, 6, 4, 7, 8]
7739 текущий максимум дипломов


номер итерации 52
[2, 1, 3, 5, 6, 4, 7, 8] текущие скоры, которые дают максимальное число дипломов
[2, 1, 3, 5, 6, 4, 7, 8] [2, 1, 3, 5, 6, 4, 7, 9] [2, 1, 3, 5, 6, 4, 7, 7]
7739 текущий максимум дипломов


номер итерации 53
[2, 1, 3, 5, 6, 4, 7, 8] текущие скоры, которые дают максимальное число дипломов
[2, 1, 3, 5, 6, 4, 7, 8] [2, 1, 3, 5, 9, 4, 7, 8] [2, 1, 3, 5, 5, 4, 7, 8]
7739 текущий максимум дипломов


номер итерации 54
[2, 1, 3, 5, 6, 4, 7, 8] текущие скоры, которые дают максимальное число дипломов
[2, 1, 3, 5, 6, 4, 7, 8] [2, 1, 3, 5, 6, 5, 7, 8] [2, 1, 3, 5, 6, 3, 7, 8]
7739 текущий максимум дипломов


номер итерации 55
[2, 1, 3, 5, 6, 4, 7, 8] текущие скоры, которые дают максимальное число дипломов
[2, 1, 3, 5, 6, 4, 7, 8] [2, 1, 3, 5, 6, 4, 10, 8] [2, 1, 3, 5, 6, 4, 6, 8]
7739 текущий максимум дипломов


номер итерации 56
[2, 1, 3, 5, 6, 4, 7, 8] текущие скоры, которые дают максимальное число дипломов
[2, 1, 3, 5, 6, 4, 7, 8] [2, 1, 4, 5, 6, 4, 7, 8] [2, 1, 2, 5, 6, 4, 7, 8]
7739 текущий максимум дипломов


номер итерации 57
[2, 1, 3, 5, 6, 4, 7, 8] текущие скоры, которые дают максимальное число дипломов
[2, 1, 3, 5, 6, 4, 7, 8] [3, 1, 3, 5, 6, 4, 7, 8] [1, 1, 3, 5, 6, 4, 7, 8]
7739 текущий максимум дипломов


номер итерации 58
[2, 1, 3, 5, 6, 4, 7, 8] текущие скоры, которые дают максимальное число дипломов
[2, 1, 3, 5, 6, 4, 7, 8] [2, 1, 3, 5, 6, 6, 7, 8] [2, 1, 3, 5, 6, 3, 7, 8]
7739 текущий максимум дипломов


номер итерации 59
[2, 1, 3, 5, 6, 4, 7, 8] текущие скоры, которые дают максимальное число дипломов
[2, 1, 3, 5, 6, 4, 7, 8] [3, 1, 3, 5, 6, 4, 7, 8] [1, 1, 3, 5, 6, 4, 7, 8]
7739 текущий максимум дипломов


номер итерации 60
[2, 1, 3, 5, 6, 4, 7, 8] текущие скоры, которые дают максимальное число дипломов
[2, 1, 3, 5, 6, 4, 7, 8] [2, 1, 3, 6, 6, 4, 7, 8] [2, 1, 3, 4, 6, 4, 7, 8]
7739 текущий максимум дипломов


номер итерации 61
[2, 1, 3, 5, 6, 4, 7, 8] текущие скоры, которые дают максимальное число дипломов
[2, 1, 3, 5, 6, 4, 7, 8] [2, 1, 3, 5, 6, 4, 8, 8] [2, 1, 3, 5, 6, 4, 6, 8]
7739 текущий максимум дипломов


номер итерации 62
[2, 1, 3, 5, 6, 4, 7, 8] текущие скоры, которые дают максимальное число дипломов
[2, 1, 3, 5, 6, 4, 7, 8] [2, 1, 3, 5, 6, 5, 7, 8] [2, 1, 3, 5, 6, 3, 7, 8]
7739 текущий максимум дипломов


номер итерации 63
[2, 1, 3, 5, 6, 4, 7, 8] текущие скоры, которые дают максимальное число дипломов
[2, 1, 3, 5, 6, 4, 7, 8] [2, 1, 3, 5, 6, 4, 7, 8] [2, 1, 3, 5, 6, 4, 7, 8]
7739 текущий максимум дипломов


номер итерации 64
[2, 1, 3, 5, 6, 4, 7, 8] текущие скоры, которые дают максимальное число дипломов
[2, 1, 3, 5, 6, 4, 7, 8] [2, 1, 4, 5, 6, 4, 7, 8] [2, 1, 2, 5, 6, 4, 7, 8]
7739 текущий максимум дипломов


номер итерации 65
[2, 1, 3, 5, 6, 4, 7, 8] текущие скоры, которые дают максимальное число дипломов
[2, 1, 3, 5, 6, 4, 7, 8] [2, 1, 3, 5, 7, 4, 7, 8] [2, 1, 3, 5, 5, 4, 7, 8]
7739 текущий максимум дипломов


номер итерации 66
[2, 1, 3, 5, 6, 4, 7, 8] текущие скоры, которые дают максимальное число дипломов
[2, 1, 3, 5, 6, 4, 7, 8] [2, 1, 3, 5, 6, 4, 8, 8] [2, 1, 3, 5, 6, 4, 6, 8]
7739 текущий максимум дипломов


номер итерации 67
[2, 1, 3, 5, 6, 4, 7, 8] текущие скоры, которые дают максимальное число дипломов
[2, 1, 3, 5, 6, 4, 7, 8] [2, 1, 3, 5, 6, 5, 7, 8] [2, 1, 3, 5, 6, 3, 7, 8]
7739 текущий максимум дипломов


номер итерации 68
[2, 1, 3, 5, 6, 4, 7, 8] текущие скоры, которые дают максимальное число дипломов
[2, 1, 3, 5, 6, 4, 7, 8] [3, 1, 3, 5, 6, 4, 7, 8] [1, 1, 3, 5, 6, 4, 7, 8]
7739 текущий максимум дипломов


номер итерации 69
[2, 1, 3, 5, 6, 4, 7, 8] текущие скоры, которые дают максимальное число дипломов
[2, 1, 3, 5, 6, 4, 7, 8] [2, 1, 3, 5, 6, 5, 7, 8] [2, 1, 3, 5, 6, 3, 7, 8]
7739 текущий максимум дипломов


номер итерации 70
[2, 1, 3, 5, 6, 4, 7, 8] текущие скоры, которые дают максимальное число дипломов
[2, 1, 3, 5, 6, 4, 7, 8] [2, 2, 3, 5, 6, 4, 7, 8] [2, 1, 3, 5, 6, 4, 7, 8]
7739 текущий максимум дипломов


номер итерации 71
[2, 1, 3, 5, 6, 4, 7, 8] текущие скоры, которые дают максимальное число дипломов
[2, 1, 3, 5, 6, 4, 7, 8] [2, 1, 3, 5, 6, 4, 7, 9] [2, 1, 3, 5, 6, 4, 7, 7]
7739 текущий максимум дипломов


номер итерации 72
[2, 1, 3, 5, 6, 4, 7, 8] текущие скоры, которые дают максимальное число дипломов
[2, 1, 3, 5, 6, 4, 7, 8] [2, 1, 3, 5, 6, 4, 7, 9] [2, 1, 3, 5, 6, 4, 7, 7]
7739 текущий максимум дипломов


номер итерации 73
[2, 1, 3, 5, 6, 4, 7, 8] текущие скоры, которые дают максимальное число дипломов
[2, 1, 3, 5, 6, 4, 7, 8] [2, 1, 3, 6, 6, 4, 7, 8] [2, 1, 3, 4, 6, 4, 7, 8]
7739 текущий максимум дипломов


номер итерации 74
[2, 1, 3, 5, 6, 4, 7, 8] текущие скоры, которые дают максимальное число дипломов
[2, 1, 3, 5, 6, 4, 7, 8] [2, 1, 3, 6, 6, 4, 7, 8] [2, 1, 3, 4, 6, 4, 7, 8]
7739 текущий максимум дипломов


номер итерации 75
[2, 1, 3, 5, 6, 4, 7, 8] текущие скоры, которые дают максимальное число дипломов
[2, 1, 3, 5, 6, 4, 7, 8] [2, 1, 3, 5, 6, 4, 7, 8] [2, 1, 3, 5, 6, 4, 7, 8]
7739 текущий максимум дипломов


номер итерации 76
[2, 1, 3, 5, 6, 4, 7, 8] текущие скоры, которые дают максимальное число дипломов
[2, 1, 3, 5, 6, 4, 7, 8] [2, 2, 3, 5, 6, 4, 7, 8] [2, 1, 3, 5, 6, 4, 7, 8]
7739 текущий максимум дипломов


номер итерации 77
[2, 1, 3, 5, 6, 4, 7, 8] текущие скоры, которые дают максимальное число дипломов
[2, 1, 3, 5, 6, 4, 7, 8] [3, 1, 3, 5, 6, 4, 7, 8] [1, 1, 3, 5, 6, 4, 7, 8]
7739 текущий максимум дипломов


номер итерации 78
[2, 1, 3, 5, 6, 4, 7, 8] текущие скоры, которые дают максимальное число дипломов
[2, 1, 3, 5, 6, 4, 7, 8] [2, 1, 3, 5, 6, 4, 7, 9] [2, 1, 3, 5, 6, 4, 7, 7]
7739 текущий максимум дипломов


номер итерации 79
[2, 1, 3, 5, 6, 4, 7, 8] текущие скоры, которые дают максимальное число дипломов
[2, 1, 3, 5, 6, 4, 7, 8] [3, 1, 3, 5, 6, 4, 7, 8] [1, 1, 3, 5, 6, 4, 7, 8]
7739 текущий максимум дипломов


номер итерации 80
[2, 1, 3, 5, 6, 4, 7, 8] текущие скоры, которые дают максимальное число дипломов
[2, 1, 3, 5, 6, 4, 7, 8] [2, 1, 3, 5, 6, 4, 8, 8] [2, 1, 3, 5, 6, 4, 6, 8]
yes
7739 текущий максимум дипломов


номер итерации 81
[4, 2, 6, 10, 12, 8, 14, 16] текущие скоры, которые дают максимальное число дипломов
[4, 2, 6, 10, 12, 8, 14, 16] [5, 2, 6, 10, 12, 8, 14, 16] [3, 2, 6, 10, 12, 8, 14, 16]
7739 текущий максимум дипломов


номер итерации 82
[4, 2, 6, 10, 12, 8, 14, 16] текущие скоры, которые дают максимальное число дипломов
[4, 2, 6, 10, 12, 8, 14, 16] [5, 2, 6, 10, 12, 8, 14, 16] [3, 2, 6, 10, 12, 8, 14, 16]
7739 текущий максимум дипломов


номер итерации 83
[4, 2, 6, 10, 12, 8, 14, 16] текущие скоры, которые дают максимальное число дипломов
[4, 2, 6, 10, 12, 8, 14, 16] [4, 2, 7, 10, 12, 8, 14, 16] [4, 2, 5, 10, 12, 8, 14, 16]
7739 текущий максимум дипломов


номер итерации 84
[4, 2, 5, 10, 12, 8, 14, 16] текущие скоры, которые дают максимальное число дипломов
[4, 2, 5, 10, 12, 8, 14, 16] [5, 2, 5, 10, 12, 8, 14, 16] [3, 2, 5, 10, 12, 8, 14, 16]
7739 текущий максимум дипломов


номер итерации 85
[4, 2, 5, 10, 12, 8, 14, 16] текущие скоры, которые дают максимальное число дипломов
[4, 2, 5, 10, 12, 8, 14, 16] [4, 2, 7, 10, 12, 8, 14, 16] [4, 2, 4, 10, 12, 8, 14, 16]
7739 текущий максимум дипломов


номер итерации 86
[4, 2, 5, 10, 12, 8, 14, 16] текущие скоры, которые дают максимальное число дипломов
[4, 2, 5, 10, 12, 8, 14, 16] [4, 3, 5, 10, 12, 8, 14, 16] [4, 1, 5, 10, 12, 8, 14, 16]
7739 текущий максимум дипломов


номер итерации 87
[4, 2, 5, 10, 12, 8, 14, 16] текущие скоры, которые дают максимальное число дипломов
[4, 2, 5, 10, 12, 8, 14, 16] [4, 2, 5, 11, 12, 8, 14, 16] [4, 2, 5, 9, 12, 8, 14, 16]
7739 текущий максимум дипломов


номер итерации 88
[4, 2, 5, 10, 12, 8, 14, 16] текущие скоры, которые дают максимальное число дипломов
[4, 2, 5, 10, 12, 8, 14, 16] [5, 2, 5, 10, 12, 8, 14, 16] [3, 2, 5, 10, 12, 8, 14, 16]
7739 текущий максимум дипломов


номер итерации 89
[4, 2, 5, 10, 12, 8, 14, 16] текущие скоры, которые дают максимальное число дипломов
[4, 2, 5, 10, 12, 8, 14, 16] [4, 2, 5, 10, 12, 9, 14, 16] [4, 2, 5, 10, 12, 7, 14, 16]
7739 текущий максимум дипломов


номер итерации 90
[4, 2, 5, 10, 12, 8, 14, 16] текущие скоры, которые дают максимальное число дипломов
[4, 2, 5, 10, 12, 8, 14, 16] [4, 2, 5, 11, 12, 8, 14, 16] [4, 2, 5, 9, 12, 8, 14, 16]
7739 текущий максимум дипломов


номер итерации 91
[4, 2, 5, 10, 12, 8, 14, 16] текущие скоры, которые дают максимальное число дипломов
[4, 2, 5, 10, 12, 8, 14, 16] [4, 2, 5, 11, 12, 8, 14, 16] [4, 2, 5, 9, 12, 8, 14, 16]
7739 текущий максимум дипломов


номер итерации 92
[4, 2, 5, 10, 12, 8, 14, 16] текущие скоры, которые дают максимальное число дипломов
[4, 2, 5, 10, 12, 8, 14, 16] [5, 2, 5, 10, 12, 8, 14, 16] [3, 2, 5, 10, 12, 8, 14, 16]
7739 текущий максимум дипломов


номер итерации 93
[4, 2, 5, 10, 12, 8, 14, 16] текущие скоры, которые дают максимальное число дипломов
[4, 2, 5, 10, 12, 8, 14, 16] [4, 2, 6, 10, 12, 8, 14, 16] [4, 2, 4, 10, 12, 8, 14, 16]
7739 текущий максимум дипломов


номер итерации 94
[4, 2, 5, 10, 12, 8, 14, 16] текущие скоры, которые дают максимальное число дипломов
[4, 2, 5, 10, 12, 8, 14, 16] [4, 3, 5, 10, 12, 8, 14, 16] [4, 1, 5, 10, 12, 8, 14, 16]
7739 текущий максимум дипломов


номер итерации 95
[4, 2, 5, 10, 12, 8, 14, 16] текущие скоры, которые дают максимальное число дипломов
[4, 2, 5, 10, 12, 8, 14, 16] [4, 2, 6, 10, 12, 8, 14, 16] [4, 2, 4, 10, 12, 8, 14, 16]
7739 текущий максимум дипломов


номер итерации 96
[4, 2, 5, 10, 12, 8, 14, 16] текущие скоры, которые дают максимальное число дипломов
[4, 2, 5, 10, 12, 8, 14, 16] [4, 3, 5, 10, 12, 8, 14, 16] [4, 1, 5, 10, 12, 8, 14, 16]
7739 текущий максимум дипломов


номер итерации 97
[4, 2, 5, 10, 12, 8, 14, 16] текущие скоры, которые дают максимальное число дипломов
[4, 2, 5, 10, 12, 8, 14, 16] [4, 2, 5, 10, 12, 8, 14, 17] [4, 2, 5, 10, 12, 8, 14, 15]
7739 текущий максимум дипломов


номер итерации 98
[4, 2, 5, 10, 12, 8, 14, 15] текущие скоры, которые дают максимальное число дипломов
[4, 2, 5, 10, 12, 8, 14, 15] [4, 2, 5, 10, 12, 9, 14, 15] [4, 2, 5, 10, 12, 7, 14, 15]
7739 текущий максимум дипломов


номер итерации 99
[4, 2, 5, 10, 12, 8, 14, 15] текущие скоры, которые дают максимальное число дипломов
[4, 2, 5, 10, 12, 8, 14, 15] [4, 2, 5, 11, 12, 8, 14, 15] [4, 2, 5, 9, 12, 8, 14, 15]
7739 текущий максимум дипломов


номер итерации 100
[4, 2, 5, 10, 12, 8, 14, 15] текущие скоры, которые дают максимальное число дипломов
[4, 2, 5, 10, 12, 8, 14, 15] [4, 2, 5, 10, 13, 8, 14, 15] [4, 2, 5, 10, 11, 8, 14, 15]
7739 текущий максимум дипломов


номер итерации 101
[4, 2, 5, 10, 12, 8, 14, 15] текущие скоры, которые дают максимальное число дипломов
[4, 2, 5, 10, 12, 8, 14, 15] [4, 2, 5, 10, 12, 8, 15, 15] [4, 2, 5, 10, 12, 8, 13, 15]
7739 текущий максимум дипломов


номер итерации 102
[4, 2, 5, 10, 12, 8, 13, 15] текущие скоры, которые дают максимальное число дипломов
[4, 2, 5, 10, 12, 8, 13, 15] [4, 2, 5, 10, 12, 9, 13, 15] [4, 2, 5, 10, 12, 7, 13, 15]
7739 текущий максимум дипломов


номер итерации 103
[4, 2, 5, 10, 12, 8, 13, 15] текущие скоры, которые дают максимальное число дипломов
[4, 2, 5, 10, 12, 8, 13, 15] [4, 2, 5, 10, 12, 8, 14, 15] [4, 2, 5, 10, 12, 8, 12, 15]
7739 текущий максимум дипломов


номер итерации 104
[4, 2, 5, 10, 12, 8, 13, 15] текущие скоры, которые дают максимальное число дипломов
[4, 2, 5, 10, 12, 8, 13, 15] [4, 2, 5, 11, 12, 8, 13, 15] [4, 2, 5, 9, 12, 8, 13, 15]
7739 текущий максимум дипломов


номер итерации 105
[4, 2, 5, 10, 12, 8, 13, 15] текущие скоры, которые дают максимальное число дипломов
[4, 2, 5, 10, 12, 8, 13, 15] [4, 2, 6, 10, 12, 8, 13, 15] [4, 2, 4, 10, 12, 8, 13, 15]
7739 текущий максимум дипломов


номер итерации 106
[4, 2, 5, 10, 12, 8, 13, 15] текущие скоры, которые дают максимальное число дипломов
[4, 2, 5, 10, 12, 8, 13, 15] [4, 2, 5, 10, 12, 8, 13, 16] [4, 2, 5, 10, 12, 8, 13, 14]
7739 текущий максимум дипломов


номер итерации 107
[4, 2, 5, 10, 12, 8, 13, 14] текущие скоры, которые дают максимальное число дипломов
[4, 2, 5, 10, 12, 8, 13, 14] [4, 2, 5, 10, 18, 8, 13, 14] [4, 2, 5, 10, 11, 8, 13, 14]
7739 текущий максимум дипломов


номер итерации 108
[4, 2, 5, 10, 12, 8, 13, 14] текущие скоры, которые дают максимальное число дипломов
[4, 2, 5, 10, 12, 8, 13, 14] [4, 2, 6, 10, 12, 8, 13, 14] [4, 2, 4, 10, 12, 8, 13, 14]
7739 текущий максимум дипломов


номер итерации 109
[4, 2, 5, 10, 12, 8, 13, 14] текущие скоры, которые дают максимальное число дипломов
[4, 2, 5, 10, 12, 8, 13, 14] [4, 2, 5, 10, 12, 8, 13, 15] [4, 2, 5, 10, 12, 8, 13, 13]
7739 текущий максимум дипломов


номер итерации 110
[4, 2, 5, 10, 12, 8, 13, 14] текущие скоры, которые дают максимальное число дипломов
[4, 2, 5, 10, 12, 8, 13, 14] [4, 2, 5, 10, 18, 8, 13, 14] [4, 2, 5, 10, 11, 8, 13, 14]
7739 текущий максимум дипломов


номер итерации 111
[4, 2, 5, 10, 12, 8, 13, 14] текущие скоры, которые дают максимальное число дипломов
[4, 2, 5, 10, 12, 8, 13, 14] [4, 2, 5, 10, 12, 9, 13, 14] [4, 2, 5, 10, 12, 7, 13, 14]
7739 текущий максимум дипломов


номер итерации 112
[4, 2, 5, 10, 12, 8, 13, 14] текущие скоры, которые дают максимальное число дипломов
[4, 2, 5, 10, 12, 8, 13, 14] [4, 2, 5, 10, 13, 8, 13, 14] [4, 2, 5, 10, 11, 8, 13, 14]
7739 текущий максимум дипломов


номер итерации 113
[4, 2, 5, 10, 12, 8, 13, 14] текущие скоры, которые дают максимальное число дипломов
[4, 2, 5, 10, 12, 8, 13, 14] [4, 2, 5, 15, 12, 8, 13, 14] [4, 2, 5, 9, 12, 8, 13, 14]
7739 текущий максимум дипломов


номер итерации 114
[4, 2, 5, 10, 12, 8, 13, 14] текущие скоры, которые дают максимальное число дипломов
[4, 2, 5, 10, 12, 8, 13, 14] [4, 2, 5, 10, 12, 8, 13, 15] [4, 2, 5, 10, 12, 8, 13, 13]
7739 текущий максимум дипломов


номер итерации 115
[4, 2, 5, 10, 12, 8, 13, 14] текущие скоры, которые дают максимальное число дипломов
[4, 2, 5, 10, 12, 8, 13, 14] [4, 2, 5, 10, 13, 8, 13, 14] [4, 2, 5, 10, 11, 8, 13, 14]
7739 текущий максимум дипломов


номер итерации 116
[4, 2, 5, 10, 12, 8, 13, 14] текущие скоры, которые дают максимальное число дипломов
[4, 2, 5, 10, 12, 8, 13, 14] [4, 2, 5, 10, 12, 8, 13, 21] [4, 2, 5, 10, 12, 8, 13, 13]
7739 текущий максимум дипломов


номер итерации 117
[4, 2, 5, 10, 12, 8, 13, 14] текущие скоры, которые дают максимальное число дипломов
[4, 2, 5, 10, 12, 8, 13, 14] [5, 2, 5, 10, 12, 8, 13, 14] [3, 2, 5, 10, 12, 8, 13, 14]
7739 текущий максимум дипломов


номер итерации 118
[4, 2, 5, 10, 12, 8, 13, 14] текущие скоры, которые дают максимальное число дипломов
[4, 2, 5, 10, 12, 8, 13, 14] [4, 2, 5, 10, 12, 9, 13, 14] [4, 2, 5, 10, 12, 7, 13, 14]
7739 текущий максимум дипломов


номер итерации 119
[4, 2, 5, 10, 12, 8, 13, 14] текущие скоры, которые дают максимальное число дипломов
[4, 2, 5, 10, 12, 8, 13, 14] [4, 2, 5, 10, 13, 8, 13, 14] [4, 2, 5, 10, 11, 8, 13, 14]
7739 текущий максимум дипломов


номер итерации 120
[4, 2, 5, 10, 12, 8, 13, 14] текущие скоры, которые дают максимальное число дипломов
[4, 2, 5, 10, 12, 8, 13, 14] [4, 2, 5, 10, 12, 9, 13, 14] [4, 2, 5, 10, 12, 7, 13, 14]
7739 текущий максимум дипломов


номер итерации 121
[4, 2, 5, 10, 12, 8, 13, 14] текущие скоры, которые дают максимальное число дипломов
[4, 2, 5, 10, 12, 8, 13, 14] [5, 2, 5, 10, 12, 8, 13, 14] [3, 2, 5, 10, 12, 8, 13, 14]
7739 текущий максимум дипломов


номер итерации 122
[4, 2, 5, 10, 12, 8, 13, 14] текущие скоры, которые дают максимальное число дипломов
[4, 2, 5, 10, 12, 8, 13, 14] [4, 2, 5, 10, 12, 9, 13, 14] [4, 2, 5, 10, 12, 7, 13, 14]
7739 текущий максимум дипломов


номер итерации 123
[4, 2, 5, 10, 12, 8, 13, 14] текущие скоры, которые дают максимальное число дипломов
[4, 2, 5, 10, 12, 8, 13, 14] [4, 2, 5, 10, 12, 8, 14, 14] [4, 2, 5, 10, 12, 8, 12, 14]
7739 текущий максимум дипломов


номер итерации 124
[4, 2, 5, 10, 12, 8, 13, 14] текущие скоры, которые дают максимальное число дипломов
[4, 2, 5, 10, 12, 8, 13, 14] [4, 2, 5, 10, 13, 8, 13, 14] [4, 2, 5, 10, 11, 8, 13, 14]
7739 текущий максимум дипломов


номер итерации 125
[4, 2, 5, 10, 12, 8, 13, 14] текущие скоры, которые дают максимальное число дипломов
[4, 2, 5, 10, 12, 8, 13, 14] [4, 2, 5, 10, 12, 8, 14, 14] [4, 2, 5, 10, 12, 8, 12, 14]
7739 текущий максимум дипломов


номер итерации 126
[4, 2, 5, 10, 12, 8, 13, 14] текущие скоры, которые дают максимальное число дипломов
[4, 2, 5, 10, 12, 8, 13, 14] [4, 2, 5, 10, 12, 8, 13, 15] [4, 2, 5, 10, 12, 8, 13, 13]
7739 текущий максимум дипломов


номер итерации 127
[4, 2, 5, 10, 12, 8, 13, 14] текущие скоры, которые дают максимальное число дипломов
[4, 2, 5, 10, 12, 8, 13, 14] [4, 2, 5, 10, 12, 8, 14, 14] [4, 2, 5, 10, 12, 8, 12, 14]
7739 текущий максимум дипломов


номер итерации 128
[4, 2, 5, 10, 12, 8, 13, 14] текущие скоры, которые дают максимальное число дипломов
[4, 2, 5, 10, 12, 8, 13, 14] [4, 3, 5, 10, 12, 8, 13, 14] [4, 1, 5, 10, 12, 8, 13, 14]
7739 текущий максимум дипломов


номер итерации 129
[4, 2, 5, 10, 12, 8, 13, 14] текущие скоры, которые дают максимальное число дипломов
[4, 2, 5, 10, 12, 8, 13, 14] [4, 2, 6, 10, 12, 8, 13, 14] [4, 2, 4, 10, 12, 8, 13, 14]
7739 текущий максимум дипломов


номер итерации 130
[4, 2, 5, 10, 12, 8, 13, 14] текущие скоры, которые дают максимальное число дипломов
[4, 2, 5, 10, 12, 8, 13, 14] [4, 2, 5, 11, 12, 8, 13, 14] [4, 2, 5, 9, 12, 8, 13, 14]
7739 текущий максимум дипломов


номер итерации 131
[4, 2, 5, 10, 12, 8, 13, 14] текущие скоры, которые дают максимальное число дипломов
[4, 2, 5, 10, 12, 8, 13, 14] [4, 3, 5, 10, 12, 8, 13, 14] [4, 1, 5, 10, 12, 8, 13, 14]
7739 текущий максимум дипломов


номер итерации 132
[4, 2, 5, 10, 12, 8, 13, 14] текущие скоры, которые дают максимальное число дипломов
[4, 2, 5, 10, 12, 8, 13, 14] [4, 2, 5, 10, 13, 8, 13, 14] [4, 2, 5, 10, 11, 8, 13, 14]
7739 текущий максимум дипломов


номер итерации 133
[4, 2, 5, 10, 12, 8, 13, 14] текущие скоры, которые дают максимальное число дипломов
[4, 2, 5, 10, 12, 8, 13, 14] [5, 2, 5, 10, 12, 8, 13, 14] [3, 2, 5, 10, 12, 8, 13, 14]
7739 текущий максимум дипломов


номер итерации 134
[4, 2, 5, 10, 12, 8, 13, 14] текущие скоры, которые дают максимальное число дипломов
[4, 2, 5, 10, 12, 8, 13, 14] [4, 2, 5, 11, 12, 8, 13, 14] [4, 2, 5, 9, 12, 8, 13, 14]
7739 текущий максимум дипломов


номер итерации 135
[4, 2, 5, 10, 12, 8, 13, 14] текущие скоры, которые дают максимальное число дипломов
[4, 2, 5, 10, 12, 8, 13, 14] [4, 2, 6, 10, 12, 8, 13, 14] [4, 2, 4, 10, 12, 8, 13, 14]
7739 текущий максимум дипломов


номер итерации 136
[4, 2, 5, 10, 12, 8, 13, 14] текущие скоры, которые дают максимальное число дипломов
[4, 2, 5, 10, 12, 8, 13, 14] [4, 3, 5, 10, 12, 8, 13, 14] [4, 1, 5, 10, 12, 8, 13, 14]
7739 текущий максимум дипломов


номер итерации 137
[4, 2, 5, 10, 12, 8, 13, 14] текущие скоры, которые дают максимальное число дипломов
[4, 2, 5, 10, 12, 8, 13, 14] [4, 2, 5, 10, 12, 8, 13, 15] [4, 2, 5, 10, 12, 8, 13, 13]
7739 текущий максимум дипломов


номер итерации 138
[4, 2, 5, 10, 12, 8, 13, 14] текущие скоры, которые дают максимальное число дипломов
[4, 2, 5, 10, 12, 8, 13, 14] [6, 2, 5, 10, 12, 8, 13, 14] [3, 2, 5, 10, 12, 8, 13, 14]
7739 текущий максимум дипломов


номер итерации 139
[4, 2, 5, 10, 12, 8, 13, 14] текущие скоры, которые дают максимальное число дипломов
[4, 2, 5, 10, 12, 8, 13, 14] [4, 2, 5, 15, 12, 8, 13, 14] [4, 2, 5, 9, 12, 8, 13, 14]
7739 текущий максимум дипломов


номер итерации 140
[4, 2, 5, 10, 12, 8, 13, 14] текущие скоры, которые дают максимальное число дипломов
[4, 2, 5, 10, 12, 8, 13, 14] [4, 2, 6, 10, 12, 8, 13, 14] [4, 2, 4, 10, 12, 8, 13, 14]
7739 текущий максимум дипломов


номер итерации 141
[4, 2, 5, 10, 12, 8, 13, 14] текущие скоры, которые дают максимальное число дипломов
[4, 2, 5, 10, 12, 8, 13, 14] [4, 2, 6, 10, 12, 8, 13, 14] [4, 2, 4, 10, 12, 8, 13, 14]
7739 текущий максимум дипломов


номер итерации 142
[4, 2, 5, 10, 12, 8, 13, 14] текущие скоры, которые дают максимальное число дипломов
[4, 2, 5, 10, 12, 8, 13, 14] [4, 3, 5, 10, 12, 8, 13, 14] [4, 1, 5, 10, 12, 8, 13, 14]
7739 текущий максимум дипломов


номер итерации 143
[4, 2, 5, 10, 12, 8, 13, 14] текущие скоры, которые дают максимальное число дипломов
[4, 2, 5, 10, 12, 8, 13, 14] [5, 2, 5, 10, 12, 8, 13, 14] [3, 2, 5, 10, 12, 8, 13, 14]
7739 текущий максимум дипломов


номер итерации 144
[4, 2, 5, 10, 12, 8, 13, 14] текущие скоры, которые дают максимальное число дипломов
[4, 2, 5, 10, 12, 8, 13, 14] [4, 2, 5, 10, 13, 8, 13, 14] [4, 2, 5, 10, 11, 8, 13, 14]
7739 текущий максимум дипломов


номер итерации 145
[4, 2, 5, 10, 12, 8, 13, 14] текущие скоры, которые дают максимальное число дипломов
[4, 2, 5, 10, 12, 8, 13, 14] [4, 2, 5, 11, 12, 8, 13, 14] [4, 2, 5, 9, 12, 8, 13, 14]
7739 текущий максимум дипломов


номер итерации 146
[4, 2, 5, 10, 12, 8, 13, 14] текущие скоры, которые дают максимальное число дипломов
[4, 2, 5, 10, 12, 8, 13, 14] [4, 2, 5, 10, 12, 12, 13, 14] [4, 2, 5, 10, 12, 7, 13, 14]
7739 текущий максимум дипломов


номер итерации 147
[4, 2, 5, 10, 12, 8, 13, 14] текущие скоры, которые дают максимальное число дипломов
[4, 2, 5, 10, 12, 8, 13, 14] [4, 2, 5, 10, 13, 8, 13, 14] [4, 2, 5, 10, 11, 8, 13, 14]
7739 текущий максимум дипломов


номер итерации 148
[4, 2, 5, 10, 12, 8, 13, 14] текущие скоры, которые дают максимальное число дипломов
[4, 2, 5, 10, 12, 8, 13, 14] [4, 2, 6, 10, 12, 8, 13, 14] [4, 2, 4, 10, 12, 8, 13, 14]
7739 текущий максимум дипломов


номер итерации 149
[4, 2, 5, 10, 12, 8, 13, 14] текущие скоры, которые дают максимальное число дипломов
[4, 2, 5, 10, 12, 8, 13, 14] [5, 2, 5, 10, 12, 8, 13, 14] [3, 2, 5, 10, 12, 8, 13, 14]
7739 текущий максимум дипломов


номер итерации 150
[4, 2, 5, 10, 12, 8, 13, 14] текущие скоры, которые дают максимальное число дипломов
[4, 2, 5, 10, 12, 8, 13, 14] [4, 2, 5, 11, 12, 8, 13, 14] [4, 2, 5, 9, 12, 8, 13, 14]
7739 текущий максимум дипломов


номер итерации 151
[4, 2, 5, 10, 12, 8, 13, 14] текущие скоры, которые дают максимальное число дипломов
[4, 2, 5, 10, 12, 8, 13, 14] [4, 2, 5, 10, 12, 8, 14, 14] [4, 2, 5, 10, 12, 8, 12, 14]
7739 текущий максимум дипломов


номер итерации 152
[4, 2, 5, 10, 12, 8, 13, 14] текущие скоры, которые дают максимальное число дипломов
[4, 2, 5, 10, 12, 8, 13, 14] [4, 2, 5, 10, 12, 9, 13, 14] [4, 2, 5, 10, 12, 7, 13, 14]
7739 текущий максимум дипломов


номер итерации 153
[4, 2, 5, 10, 12, 8, 13, 14] текущие скоры, которые дают максимальное число дипломов
[4, 2, 5, 10, 12, 8, 13, 14] [4, 2, 5, 11, 12, 8, 13, 14] [4, 2, 5, 9, 12, 8, 13, 14]
7739 текущий максимум дипломов


номер итерации 154
[4, 2, 5, 10, 12, 8, 13, 14] текущие скоры, которые дают максимальное число дипломов
[4, 2, 5, 10, 12, 8, 13, 14] [4, 2, 5, 11, 12, 8, 13, 14] [4, 2, 5, 9, 12, 8, 13, 14]
7739 текущий максимум дипломов


номер итерации 155
[4, 2, 5, 10, 12, 8, 13, 14] текущие скоры, которые дают максимальное число дипломов
[4, 2, 5, 10, 12, 8, 13, 14] [4, 2, 5, 11, 12, 8, 13, 14] [4, 2, 5, 9, 12, 8, 13, 14]
7739 текущий максимум дипломов


номер итерации 156
[4, 2, 5, 10, 12, 8, 13, 14] текущие скоры, которые дают максимальное число дипломов
[4, 2, 5, 10, 12, 8, 13, 14] [4, 2, 5, 10, 12, 8, 14, 14] [4, 2, 5, 10, 12, 8, 12, 14]
7739 текущий максимум дипломов


номер итерации 157
[4, 2, 5, 10, 12, 8, 13, 14] текущие скоры, которые дают максимальное число дипломов
[4, 2, 5, 10, 12, 8, 13, 14] [5, 2, 5, 10, 12, 8, 13, 14] [3, 2, 5, 10, 12, 8, 13, 14]
7739 текущий максимум дипломов


номер итерации 158
[4, 2, 5, 10, 12, 8, 13, 14] текущие скоры, которые дают максимальное число дипломов
[4, 2, 5, 10, 12, 8, 13, 14] [4, 2, 5, 10, 12, 9, 13, 14] [4, 2, 5, 10, 12, 7, 13, 14]
7739 текущий максимум дипломов


номер итерации 159
[4, 2, 5, 10, 12, 8, 13, 14] текущие скоры, которые дают максимальное число дипломов
[4, 2, 5, 10, 12, 8, 13, 14] [4, 2, 5, 10, 13, 8, 13, 14] [4, 2, 5, 10, 11, 8, 13, 14]
7739 текущий максимум дипломов


номер итерации 160
[4, 2, 5, 10, 12, 8, 13, 14] текущие скоры, которые дают максимальное число дипломов
[4, 2, 5, 10, 12, 8, 13, 14] [4, 2, 5, 10, 12, 8, 13, 15] [4, 2, 5, 10, 12, 8, 13, 13]
yes
7739 текущий максимум дипломов


номер итерации 161
[8, 4, 10, 20, 24, 16, 26, 28] текущие скоры, которые дают максимальное число дипломов
[8, 4, 10, 20, 24, 16, 26, 28] [8, 4, 11, 20, 24, 16, 26, 28] [8, 4, 9, 20, 24, 16, 26, 28]
7739 текущий максимум дипломов


номер итерации 162
[8, 4, 9, 20, 24, 16, 26, 28] текущие скоры, которые дают максимальное число дипломов
[8, 4, 9, 20, 24, 16, 26, 28] [8, 4, 9, 20, 24, 16, 26, 29] [8, 4, 9, 20, 24, 16, 26, 27]
7739 текущий максимум дипломов


номер итерации 163
[8, 4, 9, 20, 24, 16, 26, 27] текущие скоры, которые дают максимальное число дипломов
[8, 4, 9, 20, 24, 16, 26, 27] [9, 4, 9, 20, 24, 16, 26, 27] [7, 4, 9, 20, 24, 16, 26, 27]
7739 текущий максимум дипломов


номер итерации 164
[8, 4, 9, 20, 24, 16, 26, 27] текущие скоры, которые дают максимальное число дипломов
[8, 4, 9, 20, 24, 16, 26, 27] [8, 4, 9, 21, 24, 16, 26, 27] [8, 4, 9, 19, 24, 16, 26, 27]
7739 текущий максимум дипломов


номер итерации 165
[8, 4, 9, 20, 24, 16, 26, 27] текущие скоры, которые дают максимальное число дипломов
[8, 4, 9, 20, 24, 16, 26, 27] [8, 4, 9, 20, 25, 16, 26, 27] [8, 4, 9, 20, 23, 16, 26, 27]
7739 текущий максимум дипломов


номер итерации 166
[8, 4, 9, 20, 24, 16, 26, 27] текущие скоры, которые дают максимальное число дипломов
[8, 4, 9, 20, 24, 16, 26, 27] [8, 4, 9, 20, 25, 16, 26, 27] [8, 4, 9, 20, 23, 16, 26, 27]
7739 текущий максимум дипломов


номер итерации 167
[8, 4, 9, 20, 24, 16, 26, 27] текущие скоры, которые дают максимальное число дипломов
[8, 4, 9, 20, 24, 16, 26, 27] [8, 4, 9, 20, 25, 16, 26, 27] [8, 4, 9, 20, 23, 16, 26, 27]
7739 текущий максимум дипломов


номер итерации 168
[8, 4, 9, 20, 24, 16, 26, 27] текущие скоры, которые дают максимальное число дипломов
[8, 4, 9, 20, 24, 16, 26, 27] [8, 4, 9, 21, 24, 16, 26, 27] [8, 4, 9, 19, 24, 16, 26, 27]
7739 текущий максимум дипломов


номер итерации 169
[8, 4, 9, 20, 24, 16, 26, 27] текущие скоры, которые дают максимальное число дипломов
[8, 4, 9, 20, 24, 16, 26, 27] [8, 4, 9, 21, 24, 16, 26, 27] [8, 4, 9, 19, 24, 16, 26, 27]
7739 текущий максимум дипломов


номер итерации 170
[8, 4, 9, 20, 24, 16, 26, 27] текущие скоры, которые дают максимальное число дипломов
[8, 4, 9, 20, 24, 16, 26, 27] [8, 4, 9, 30, 24, 16, 26, 27] [8, 4, 9, 19, 24, 16, 26, 27]
7739 текущий максимум дипломов


номер итерации 171
[8, 4, 9, 20, 24, 16, 26, 27] текущие скоры, которые дают максимальное число дипломов
[8, 4, 9, 20, 24, 16, 26, 27] [9, 4, 9, 20, 24, 16, 26, 27] [7, 4, 9, 20, 24, 16, 26, 27]
7739 текущий максимум дипломов


номер итерации 172
[8, 4, 9, 20, 24, 16, 26, 27] текущие скоры, которые дают максимальное число дипломов
[8, 4, 9, 20, 24, 16, 26, 27] [8, 5, 9, 20, 24, 16, 26, 27] [8, 3, 9, 20, 24, 16, 26, 27]
7739 текущий максимум дипломов


номер итерации 173
[8, 4, 9, 20, 24, 16, 26, 27] текущие скоры, которые дают максимальное число дипломов
[8, 4, 9, 20, 24, 16, 26, 27] [8, 5, 9, 20, 24, 16, 26, 27] [8, 3, 9, 20, 24, 16, 26, 27]
7739 текущий максимум дипломов


номер итерации 174
[8, 4, 9, 20, 24, 16, 26, 27] текущие скоры, которые дают максимальное число дипломов
[8, 4, 9, 20, 24, 16, 26, 27] [8, 4, 9, 21, 24, 16, 26, 27] [8, 4, 9, 19, 24, 16, 26, 27]
7739 текущий максимум дипломов


номер итерации 175
[8, 4, 9, 20, 24, 16, 26, 27] текущие скоры, которые дают максимальное число дипломов
[8, 4, 9, 20, 24, 16, 26, 27] [8, 4, 9, 20, 25, 16, 26, 27] [8, 4, 9, 20, 23, 16, 26, 27]
7739 текущий максимум дипломов


номер итерации 176
[8, 4, 9, 20, 24, 16, 26, 27] текущие скоры, которые дают максимальное число дипломов
[8, 4, 9, 20, 24, 16, 26, 27] [8, 4, 9, 20, 25, 16, 26, 27] [8, 4, 9, 20, 23, 16, 26, 27]
7739 текущий максимум дипломов


номер итерации 177
[8, 4, 9, 20, 24, 16, 26, 27] текущие скоры, которые дают максимальное число дипломов
[8, 4, 9, 20, 24, 16, 26, 27] [8, 4, 10, 20, 24, 16, 26, 27] [8, 4, 8, 20, 24, 16, 26, 27]
7739 текущий максимум дипломов


номер итерации 178
[8, 4, 9, 20, 24, 16, 26, 27] текущие скоры, которые дают максимальное число дипломов
[8, 4, 9, 20, 24, 16, 26, 27] [8, 4, 10, 20, 24, 16, 26, 27] [8, 4, 8, 20, 24, 16, 26, 27]
7739 текущий максимум дипломов


номер итерации 179
[8, 4, 9, 20, 24, 16, 26, 27] текущие скоры, которые дают максимальное число дипломов
[8, 4, 9, 20, 24, 16, 26, 27] [9, 4, 9, 20, 24, 16, 26, 27] [7, 4, 9, 20, 24, 16, 26, 27]
7739 текущий максимум дипломов


номер итерации 180
[8, 4, 9, 20, 24, 16, 26, 27] текущие скоры, которые дают максимальное число дипломов
[8, 4, 9, 20, 24, 16, 26, 27] [8, 4, 9, 21, 24, 16, 26, 27] [8, 4, 9, 19, 24, 16, 26, 27]
7739 текущий максимум дипломов


номер итерации 181
[8, 4, 9, 20, 24, 16, 26, 27] текущие скоры, которые дают максимальное число дипломов
[8, 4, 9, 20, 24, 16, 26, 27] [8, 5, 9, 20, 24, 16, 26, 27] [8, 3, 9, 20, 24, 16, 26, 27]
7739 текущий максимум дипломов


номер итерации 182
[8, 4, 9, 20, 24, 16, 26, 27] текущие скоры, которые дают максимальное число дипломов
[8, 4, 9, 20, 24, 16, 26, 27] [8, 4, 9, 20, 25, 16, 26, 27] [8, 4, 9, 20, 23, 16, 26, 27]
7739 текущий максимум дипломов


номер итерации 183
[8, 4, 9, 20, 24, 16, 26, 27] текущие скоры, которые дают максимальное число дипломов
[8, 4, 9, 20, 24, 16, 26, 27] [8, 4, 9, 21, 24, 16, 26, 27] [8, 4, 9, 19, 24, 16, 26, 27]
7739 текущий максимум дипломов


номер итерации 184
[8, 4, 9, 20, 24, 16, 26, 27] текущие скоры, которые дают максимальное число дипломов
[8, 4, 9, 20, 24, 16, 26, 27] [8, 5, 9, 20, 24, 16, 26, 27] [8, 3, 9, 20, 24, 16, 26, 27]
7739 текущий максимум дипломов


номер итерации 185
[8, 4, 9, 20, 24, 16, 26, 27] текущие скоры, которые дают максимальное число дипломов
[8, 4, 9, 20, 24, 16, 26, 27] [8, 4, 9, 20, 25, 16, 26, 27] [8, 4, 9, 20, 23, 16, 26, 27]
7739 текущий максимум дипломов


номер итерации 186
[8, 4, 9, 20, 24, 16, 26, 27] текущие скоры, которые дают максимальное число дипломов
[8, 4, 9, 20, 24, 16, 26, 27] [12, 4, 9, 20, 24, 16, 26, 27] [7, 4, 9, 20, 24, 16, 26, 27]
7739 текущий максимум дипломов


номер итерации 187
[8, 4, 9, 20, 24, 16, 26, 27] текущие скоры, которые дают максимальное число дипломов
[8, 4, 9, 20, 24, 16, 26, 27] [8, 4, 9, 20, 25, 16, 26, 27] [8, 4, 9, 20, 23, 16, 26, 27]
7739 текущий максимум дипломов


номер итерации 188
[8, 4, 9, 20, 24, 16, 26, 27] текущие скоры, которые дают максимальное число дипломов
[8, 4, 9, 20, 24, 16, 26, 27] [8, 4, 9, 20, 24, 16, 27, 27] [8, 4, 9, 20, 24, 16, 25, 27]
7739 текущий максимум дипломов


номер итерации 189
[8, 4, 9, 20, 24, 16, 25, 27] текущие скоры, которые дают максимальное число дипломов
[8, 4, 9, 20, 24, 16, 25, 27] [8, 5, 9, 20, 24, 16, 25, 27] [8, 3, 9, 20, 24, 16, 25, 27]
7739 текущий максимум дипломов


номер итерации 190
[8, 4, 9, 20, 24, 16, 25, 27] текущие скоры, которые дают максимальное число дипломов
[8, 4, 9, 20, 24, 16, 25, 27] [8, 4, 10, 20, 24, 16, 25, 27] [8, 4, 8, 20, 24, 16, 25, 27]
7739 текущий максимум дипломов


номер итерации 191
[8, 4, 9, 20, 24, 16, 25, 27] текущие скоры, которые дают максимальное число дипломов
[8, 4, 9, 20, 24, 16, 25, 27] [9, 4, 9, 20, 24, 16, 25, 27] [7, 4, 9, 20, 24, 16, 25, 27]
7739 текущий максимум дипломов


номер итерации 192
[8, 4, 9, 20, 24, 16, 25, 27] текущие скоры, которые дают максимальное число дипломов
[8, 4, 9, 20, 24, 16, 25, 27] [8, 4, 9, 21, 24, 16, 25, 27] [8, 4, 9, 19, 24, 16, 25, 27]
7739 текущий максимум дипломов


номер итерации 193
[8, 4, 9, 20, 24, 16, 25, 27] текущие скоры, которые дают максимальное число дипломов
[8, 4, 9, 20, 24, 16, 25, 27] [8, 4, 9, 20, 24, 16, 25, 28] [8, 4, 9, 20, 24, 16, 25, 26]
7739 текущий максимум дипломов


номер итерации 194
[8, 4, 9, 20, 24, 16, 25, 26] текущие скоры, которые дают максимальное число дипломов
[8, 4, 9, 20, 24, 16, 25, 26] [9, 4, 9, 20, 24, 16, 25, 26] [7, 4, 9, 20, 24, 16, 25, 26]
7739 текущий максимум дипломов


номер итерации 195
[8, 4, 9, 20, 24, 16, 25, 26] текущие скоры, которые дают максимальное число дипломов
[8, 4, 9, 20, 24, 16, 25, 26] [8, 4, 9, 20, 24, 16, 25, 39] [8, 4, 9, 20, 24, 16, 25, 25]
7739 текущий максимум дипломов


номер итерации 196
[8, 4, 9, 20, 24, 16, 25, 26] текущие скоры, которые дают максимальное число дипломов
[8, 4, 9, 20, 24, 16, 25, 26] [8, 5, 9, 20, 24, 16, 25, 26] [8, 3, 9, 20, 24, 16, 25, 26]
7739 текущий максимум дипломов


номер итерации 197
[8, 4, 9, 20, 24, 16, 25, 26] текущие скоры, которые дают максимальное число дипломов
[8, 4, 9, 20, 24, 16, 25, 26] [8, 4, 9, 20, 24, 16, 26, 26] [8, 4, 9, 20, 24, 16, 24, 26]
7739 текущий максимум дипломов


номер итерации 198
[8, 4, 9, 20, 24, 16, 25, 26] текущие скоры, которые дают максимальное число дипломов
[8, 4, 9, 20, 24, 16, 25, 26] [8, 4, 9, 20, 24, 24, 25, 26] [8, 4, 9, 20, 24, 15, 25, 26]
7739 текущий максимум дипломов


номер итерации 199
[8, 4, 9, 20, 24, 16, 25, 26] текущие скоры, которые дают максимальное число дипломов
[8, 4, 9, 20, 24, 16, 25, 26] [8, 4, 9, 20, 24, 24, 25, 26] [8, 4, 9, 20, 24, 15, 25, 26]
7739 текущий максимум дипломов


номер итерации 200
[8, 4, 9, 20, 24, 16, 25, 26] текущие скоры, которые дают максимальное число дипломов
[8, 4, 9, 20, 24, 16, 25, 26] [8, 5, 9, 20, 24, 16, 25, 26] [8, 3, 9, 20, 24, 16, 25, 26]
7739 текущий максимум дипломов


номер итерации 201
[8, 4, 9, 20, 24, 16, 25, 26] текущие скоры, которые дают максимальное число дипломов
[8, 4, 9, 20, 24, 16, 25, 26] [8, 4, 9, 20, 24, 16, 26, 26] [8, 4, 9, 20, 24, 16, 24, 26]
7739 текущий максимум дипломов


номер итерации 202
[8, 4, 9, 20, 24, 16, 25, 26] текущие скоры, которые дают максимальное число дипломов
[8, 4, 9, 20, 24, 16, 25, 26] [8, 4, 9, 20, 25, 16, 25, 26] [8, 4, 9, 20, 23, 16, 25, 26]
7739 текущий максимум дипломов


номер итерации 203
[8, 4, 9, 20, 24, 16, 25, 26] текущие скоры, которые дают максимальное число дипломов
[8, 4, 9, 20, 24, 16, 25, 26] [8, 5, 9, 20, 24, 16, 25, 26] [8, 3, 9, 20, 24, 16, 25, 26]
7739 текущий максимум дипломов


номер итерации 204
[8, 4, 9, 20, 24, 16, 25, 26] текущие скоры, которые дают максимальное число дипломов
[8, 4, 9, 20, 24, 16, 25, 26] [8, 5, 9, 20, 24, 16, 25, 26] [8, 3, 9, 20, 24, 16, 25, 26]
7739 текущий максимум дипломов


номер итерации 205
[8, 4, 9, 20, 24, 16, 25, 26] текущие скоры, которые дают максимальное число дипломов
[8, 4, 9, 20, 24, 16, 25, 26] [8, 4, 9, 20, 24, 16, 25, 27] [8, 4, 9, 20, 24, 16, 25, 25]
7739 текущий максимум дипломов


номер итерации 206
[8, 4, 9, 20, 24, 16, 25, 26] текущие скоры, которые дают максимальное число дипломов
[8, 4, 9, 20, 24, 16, 25, 26] [8, 4, 9, 20, 25, 16, 25, 26] [8, 4, 9, 20, 23, 16, 25, 26]
7739 текущий максимум дипломов


номер итерации 207
[8, 4, 9, 20, 24, 16, 25, 26] текущие скоры, которые дают максимальное число дипломов
[8, 4, 9, 20, 24, 16, 25, 26] [8, 5, 9, 20, 24, 16, 25, 26] [8, 3, 9, 20, 24, 16, 25, 26]
7739 текущий максимум дипломов


номер итерации 208
[8, 4, 9, 20, 24, 16, 25, 26] текущие скоры, которые дают максимальное число дипломов
[8, 4, 9, 20, 24, 16, 25, 26] [8, 5, 9, 20, 24, 16, 25, 26] [8, 3, 9, 20, 24, 16, 25, 26]
7739 текущий максимум дипломов


номер итерации 209
[8, 4, 9, 20, 24, 16, 25, 26] текущие скоры, которые дают максимальное число дипломов
[8, 4, 9, 20, 24, 16, 25, 26] [8, 4, 9, 20, 24, 16, 25, 27] [8, 4, 9, 20, 24, 16, 25, 25]
7739 текущий максимум дипломов


номер итерации 210
[8, 4, 9, 20, 24, 16, 25, 26] текущие скоры, которые дают максимальное число дипломов
[8, 4, 9, 20, 24, 16, 25, 26] [8, 4, 9, 20, 24, 16, 26, 26] [8, 4, 9, 20, 24, 16, 24, 26]
7739 текущий максимум дипломов


номер итерации 211
[8, 4, 9, 20, 24, 16, 25, 26] текущие скоры, которые дают максимальное число дипломов
[8, 4, 9, 20, 24, 16, 25, 26] [8, 4, 9, 21, 24, 16, 25, 26] [8, 4, 9, 19, 24, 16, 25, 26]
7739 текущий максимум дипломов


номер итерации 212
[8, 4, 9, 20, 24, 16, 25, 26] текущие скоры, которые дают максимальное число дипломов
[8, 4, 9, 20, 24, 16, 25, 26] [8, 4, 9, 20, 25, 16, 25, 26] [8, 4, 9, 20, 23, 16, 25, 26]
7739 текущий максимум дипломов


номер итерации 213
[8, 4, 9, 20, 24, 16, 25, 26] текущие скоры, которые дают максимальное число дипломов
[8, 4, 9, 20, 24, 16, 25, 26] [8, 4, 9, 20, 24, 16, 26, 26] [8, 4, 9, 20, 24, 16, 24, 26]
7739 текущий максимум дипломов


номер итерации 214
[8, 4, 9, 20, 24, 16, 25, 26] текущие скоры, которые дают максимальное число дипломов
[8, 4, 9, 20, 24, 16, 25, 26] [8, 5, 9, 20, 24, 16, 25, 26] [8, 3, 9, 20, 24, 16, 25, 26]
7739 текущий максимум дипломов


номер итерации 215
[8, 4, 9, 20, 24, 16, 25, 26] текущие скоры, которые дают максимальное число дипломов
[8, 4, 9, 20, 24, 16, 25, 26] [8, 4, 9, 20, 24, 17, 25, 26] [8, 4, 9, 20, 24, 15, 25, 26]
7739 текущий максимум дипломов


номер итерации 216
[8, 4, 9, 20, 24, 16, 25, 26] текущие скоры, которые дают максимальное число дипломов
[8, 4, 9, 20, 24, 16, 25, 26] [8, 4, 9, 21, 24, 16, 25, 26] [8, 4, 9, 19, 24, 16, 25, 26]
7739 текущий максимум дипломов


номер итерации 217
[8, 4, 9, 20, 24, 16, 25, 26] текущие скоры, которые дают максимальное число дипломов
[8, 4, 9, 20, 24, 16, 25, 26] [8, 4, 9, 21, 24, 16, 25, 26] [8, 4, 9, 19, 24, 16, 25, 26]
7739 текущий максимум дипломов


номер итерации 218
[8, 4, 9, 20, 24, 16, 25, 26] текущие скоры, которые дают максимальное число дипломов
[8, 4, 9, 20, 24, 16, 25, 26] [8, 4, 9, 20, 24, 16, 26, 26] [8, 4, 9, 20, 24, 16, 24, 26]
7739 текущий максимум дипломов


номер итерации 219
[8, 4, 9, 20, 24, 16, 25, 26] текущие скоры, которые дают максимальное число дипломов
[8, 4, 9, 20, 24, 16, 25, 26] [8, 4, 9, 20, 24, 16, 26, 26] [8, 4, 9, 20, 24, 16, 24, 26]
7739 текущий максимум дипломов


номер итерации 220
[8, 4, 9, 20, 24, 16, 25, 26] текущие скоры, которые дают максимальное число дипломов
[8, 4, 9, 20, 24, 16, 25, 26] [8, 4, 9, 21, 24, 16, 25, 26] [8, 4, 9, 19, 24, 16, 25, 26]
7739 текущий максимум дипломов


номер итерации 221
[8, 4, 9, 20, 24, 16, 25, 26] текущие скоры, которые дают максимальное число дипломов
[8, 4, 9, 20, 24, 16, 25, 26] [8, 4, 9, 20, 24, 16, 25, 27] [8, 4, 9, 20, 24, 16, 25, 25]
7739 текущий максимум дипломов


номер итерации 222
[8, 4, 9, 20, 24, 16, 25, 26] текущие скоры, которые дают максимальное число дипломов
[8, 4, 9, 20, 24, 16, 25, 26] [8, 4, 10, 20, 24, 16, 25, 26] [8, 4, 8, 20, 24, 16, 25, 26]
7739 текущий максимум дипломов


номер итерации 223
[8, 4, 9, 20, 24, 16, 25, 26] текущие скоры, которые дают максимальное число дипломов
[8, 4, 9, 20, 24, 16, 25, 26] [8, 4, 9, 20, 25, 16, 25, 26] [8, 4, 9, 20, 23, 16, 25, 26]
7739 текущий максимум дипломов


номер итерации 224
[8, 4, 9, 20, 24, 16, 25, 26] текущие скоры, которые дают максимальное число дипломов
[8, 4, 9, 20, 24, 16, 25, 26] [8, 4, 9, 20, 25, 16, 25, 26] [8, 4, 9, 20, 23, 16, 25, 26]
7739 текущий максимум дипломов


номер итерации 225
[8, 4, 9, 20, 24, 16, 25, 26] текущие скоры, которые дают максимальное число дипломов
[8, 4, 9, 20, 24, 16, 25, 26] [8, 4, 9, 20, 24, 16, 26, 26] [8, 4, 9, 20, 24, 16, 24, 26]
7739 текущий максимум дипломов


номер итерации 226
[8, 4, 9, 20, 24, 16, 25, 26] текущие скоры, которые дают максимальное число дипломов
[8, 4, 9, 20, 24, 16, 25, 26] [8, 4, 10, 20, 24, 16, 25, 26] [8, 4, 8, 20, 24, 16, 25, 26]
7739 текущий максимум дипломов


номер итерации 227
[8, 4, 9, 20, 24, 16, 25, 26] текущие скоры, которые дают максимальное число дипломов
[8, 4, 9, 20, 24, 16, 25, 26] [8, 4, 10, 20, 24, 16, 25, 26] [8, 4, 8, 20, 24, 16, 25, 26]
7739 текущий максимум дипломов


номер итерации 228
[8, 4, 9, 20, 24, 16, 25, 26] текущие скоры, которые дают максимальное число дипломов
[8, 4, 9, 20, 24, 16, 25, 26] [8, 5, 9, 20, 24, 16, 25, 26] [8, 3, 9, 20, 24, 16, 25, 26]
7739 текущий максимум дипломов


номер итерации 229
[8, 4, 9, 20, 24, 16, 25, 26] текущие скоры, которые дают максимальное число дипломов
[8, 4, 9, 20, 24, 16, 25, 26] [8, 4, 9, 20, 25, 16, 25, 26] [8, 4, 9, 20, 23, 16, 25, 26]
7739 текущий максимум дипломов


номер итерации 230
[8, 4, 9, 20, 24, 16, 25, 26] текущие скоры, которые дают максимальное число дипломов
[8, 4, 9, 20, 24, 16, 25, 26] [8, 4, 9, 20, 24, 16, 25, 27] [8, 4, 9, 20, 24, 16, 25, 25]
7739 текущий максимум дипломов


номер итерации 231
[8, 4, 9, 20, 24, 16, 25, 26] текущие скоры, которые дают максимальное число дипломов
[8, 4, 9, 20, 24, 16, 25, 26] [8, 4, 9, 20, 24, 16, 26, 26] [8, 4, 9, 20, 24, 16, 24, 26]
7739 текущий максимум дипломов


номер итерации 232
[8, 4, 9, 20, 24, 16, 25, 26] текущие скоры, которые дают максимальное число дипломов
[8, 4, 9, 20, 24, 16, 25, 26] [8, 4, 9, 21, 24, 16, 25, 26] [8, 4, 9, 19, 24, 16, 25, 26]
7739 текущий максимум дипломов


номер итерации 233
[8, 4, 9, 20, 24, 16, 25, 26] текущие скоры, которые дают максимальное число дипломов
[8, 4, 9, 20, 24, 16, 25, 26] [12, 4, 9, 20, 24, 16, 25, 26] [7, 4, 9, 20, 24, 16, 25, 26]
7739 текущий максимум дипломов


номер итерации 234
[8, 4, 9, 20, 24, 16, 25, 26] текущие скоры, которые дают максимальное число дипломов
[8, 4, 9, 20, 24, 16, 25, 26] [8, 4, 10, 20, 24, 16, 25, 26] [8, 4, 8, 20, 24, 16, 25, 26]
7739 текущий максимум дипломов


номер итерации 235
[8, 4, 9, 20, 24, 16, 25, 26] текущие скоры, которые дают максимальное число дипломов
[8, 4, 9, 20, 24, 16, 25, 26] [9, 4, 9, 20, 24, 16, 25, 26] [7, 4, 9, 20, 24, 16, 25, 26]
7739 текущий максимум дипломов


номер итерации 236
[8, 4, 9, 20, 24, 16, 25, 26] текущие скоры, которые дают максимальное число дипломов
[8, 4, 9, 20, 24, 16, 25, 26] [8, 4, 9, 20, 24, 16, 25, 27] [8, 4, 9, 20, 24, 16, 25, 25]
7739 текущий максимум дипломов


номер итерации 237
[8, 4, 9, 20, 24, 16, 25, 26] текущие скоры, которые дают максимальное число дипломов
[8, 4, 9, 20, 24, 16, 25, 26] [8, 4, 9, 21, 24, 16, 25, 26] [8, 4, 9, 19, 24, 16, 25, 26]
7739 текущий максимум дипломов


номер итерации 238
[8, 4, 9, 20, 24, 16, 25, 26] текущие скоры, которые дают максимальное число дипломов
[8, 4, 9, 20, 24, 16, 25, 26] [8, 4, 9, 20, 24, 17, 25, 26] [8, 4, 9, 20, 24, 15, 25, 26]
7739 текущий максимум дипломов


номер итерации 239
[8, 4, 9, 20, 24, 16, 25, 26] текущие скоры, которые дают максимальное число дипломов
[8, 4, 9, 20, 24, 16, 25, 26] [8, 4, 9, 20, 24, 16, 26, 26] [8, 4, 9, 20, 24, 16, 24, 26]
7739 текущий максимум дипломов


номер итерации 240
[8, 4, 9, 20, 24, 16, 25, 26] текущие скоры, которые дают максимальное число дипломов
[8, 4, 9, 20, 24, 16, 25, 26] [8, 4, 9, 20, 24, 16, 26, 26] [8, 4, 9, 20, 24, 16, 24, 26]
yes
7739 текущий максимум дипломов


номер итерации 241
[16, 8, 18, 40, 48, 32, 50, 52] текущие скоры, которые дают максимальное число дипломов
[16, 8, 18, 40, 48, 32, 50, 52] [16, 8, 18, 40, 49, 32, 50, 52] [16, 8, 18, 40, 47, 32, 50, 52]
7739 текущий максимум дипломов


номер итерации 242
[16, 8, 18, 40, 48, 32, 50, 52] текущие скоры, которые дают максимальное число дипломов
[16, 8, 18, 40, 48, 32, 50, 52] [17, 8, 18, 40, 48, 32, 50, 52] [15, 8, 18, 40, 48, 32, 50, 52]
7739 текущий максимум дипломов


номер итерации 243
[16, 8, 18, 40, 48, 32, 50, 52] текущие скоры, которые дают максимальное число дипломов
[16, 8, 18, 40, 48, 32, 50, 52] [16, 8, 18, 40, 49, 32, 50, 52] [16, 8, 18, 40, 47, 32, 50, 52]
7739 текущий максимум дипломов


номер итерации 244
[16, 8, 18, 40, 48, 32, 50, 52] текущие скоры, которые дают максимальное число дипломов
[16, 8, 18, 40, 48, 32, 50, 52] [16, 12, 18, 40, 48, 32, 50, 52] [16, 7, 18, 40, 48, 32, 50, 52]
7739 текущий максимум дипломов


номер итерации 245
[16, 8, 18, 40, 48, 32, 50, 52] текущие скоры, которые дают максимальное число дипломов
[16, 8, 18, 40, 48, 32, 50, 52] [16, 8, 18, 40, 48, 32, 51, 52] [16, 8, 18, 40, 48, 32, 49, 52]
7739 текущий максимум дипломов


номер итерации 246
[16, 8, 18, 40, 48, 32, 49, 52] текущие скоры, которые дают максимальное число дипломов
[16, 8, 18, 40, 48, 32, 49, 52] [16, 9, 18, 40, 48, 32, 49, 52] [16, 7, 18, 40, 48, 32, 49, 52]
7739 текущий максимум дипломов


номер итерации 247
[16, 8, 18, 40, 48, 32, 49, 52] текущие скоры, которые дают максимальное число дипломов
[16, 8, 18, 40, 48, 32, 49, 52] [16, 8, 18, 41, 48, 32, 49, 52] [16, 8, 18, 39, 48, 32, 49, 52]
7739 текущий максимум дипломов


номер итерации 248
[16, 8, 18, 40, 48, 32, 49, 52] текущие скоры, которые дают максимальное число дипломов
[16, 8, 18, 40, 48, 32, 49, 52] [16, 8, 18, 40, 48, 32, 50, 52] [16, 8, 18, 40, 48, 32, 48, 52]
7739 текущий максимум дипломов


номер итерации 249
[16, 8, 18, 40, 48, 32, 49, 52] текущие скоры, которые дают максимальное число дипломов
[16, 8, 18, 40, 48, 32, 49, 52] [16, 8, 18, 40, 48, 33, 49, 52] [16, 8, 18, 40, 48, 31, 49, 52]
7739 текущий максимум дипломов


номер итерации 250
[16, 8, 18, 40, 48, 32, 49, 52] текущие скоры, которые дают максимальное число дипломов
[16, 8, 18, 40, 48, 32, 49, 52] [16, 8, 18, 40, 48, 32, 49, 78] [16, 8, 18, 40, 48, 32, 49, 51]
7739 текущий максимум дипломов


номер итерации 251
[16, 8, 18, 40, 48, 32, 49, 51] текущие скоры, которые дают максимальное число дипломов
[16, 8, 18, 40, 48, 32, 49, 51] [17, 8, 18, 40, 48, 32, 49, 51] [15, 8, 18, 40, 48, 32, 49, 51]
7739 текущий максимум дипломов


номер итерации 252
[16, 8, 18, 40, 48, 32, 49, 51] текущие скоры, которые дают максимальное число дипломов
[16, 8, 18, 40, 48, 32, 49, 51] [17, 8, 18, 40, 48, 32, 49, 51] [15, 8, 18, 40, 48, 32, 49, 51]
7739 текущий максимум дипломов


номер итерации 253
[16, 8, 18, 40, 48, 32, 49, 51] текущие скоры, которые дают максимальное число дипломов
[16, 8, 18, 40, 48, 32, 49, 51] [16, 8, 18, 40, 49, 32, 49, 51] [16, 8, 18, 40, 47, 32, 49, 51]
7739 текущий максимум дипломов


номер итерации 254
[16, 8, 18, 40, 48, 32, 49, 51] текущие скоры, которые дают максимальное число дипломов
[16, 8, 18, 40, 48, 32, 49, 51] [16, 8, 19, 40, 48, 32, 49, 51] [16, 8, 17, 40, 48, 32, 49, 51]
7739 текущий максимум дипломов


номер итерации 255
[16, 8, 17, 40, 48, 32, 49, 51] текущие скоры, которые дают максимальное число дипломов
[16, 8, 17, 40, 48, 32, 49, 51] [16, 9, 17, 40, 48, 32, 49, 51] [16, 7, 17, 40, 48, 32, 49, 51]
7739 текущий максимум дипломов


номер итерации 256
[16, 8, 17, 40, 48, 32, 49, 51] текущие скоры, которые дают максимальное число дипломов
[16, 8, 17, 40, 48, 32, 49, 51] [16, 8, 18, 40, 48, 32, 49, 51] [16, 8, 16, 40, 48, 32, 49, 51]
7739 текущий максимум дипломов


номер итерации 257
[16, 8, 17, 40, 48, 32, 49, 51] текущие скоры, которые дают максимальное число дипломов
[16, 8, 17, 40, 48, 32, 49, 51] [16, 8, 18, 40, 48, 32, 49, 51] [16, 8, 16, 40, 48, 32, 49, 51]
7739 текущий максимум дипломов


номер итерации 258
[16, 8, 17, 40, 48, 32, 49, 51] текущие скоры, которые дают максимальное число дипломов
[16, 8, 17, 40, 48, 32, 49, 51] [16, 8, 17, 41, 48, 32, 49, 51] [16, 8, 17, 39, 48, 32, 49, 51]
7739 текущий максимум дипломов


номер итерации 259
[16, 8, 17, 40, 48, 32, 49, 51] текущие скоры, которые дают максимальное число дипломов
[16, 8, 17, 40, 48, 32, 49, 51] [16, 8, 17, 40, 49, 32, 49, 51] [16, 8, 17, 40, 47, 32, 49, 51]
7739 текущий максимум дипломов


номер итерации 260
[16, 8, 17, 40, 48, 32, 49, 51] текущие скоры, которые дают максимальное число дипломов
[16, 8, 17, 40, 48, 32, 49, 51] [17, 8, 17, 40, 48, 32, 49, 51] [15, 8, 17, 40, 48, 32, 49, 51]
7739 текущий максимум дипломов


номер итерации 261
[16, 8, 17, 40, 48, 32, 49, 51] текущие скоры, которые дают максимальное число дипломов
[16, 8, 17, 40, 48, 32, 49, 51] [17, 8, 17, 40, 48, 32, 49, 51] [15, 8, 17, 40, 48, 32, 49, 51]
7739 текущий максимум дипломов


номер итерации 262
[16, 8, 17, 40, 48, 32, 49, 51] текущие скоры, которые дают максимальное число дипломов
[16, 8, 17, 40, 48, 32, 49, 51] [16, 8, 17, 40, 48, 32, 50, 51] [16, 8, 17, 40, 48, 32, 48, 51]
7739 текущий максимум дипломов


номер итерации 263
[16, 8, 17, 40, 48, 32, 49, 51] текущие скоры, которые дают максимальное число дипломов
[16, 8, 17, 40, 48, 32, 49, 51] [16, 8, 17, 40, 48, 32, 50, 51] [16, 8, 17, 40, 48, 32, 48, 51]
7739 текущий максимум дипломов


номер итерации 264
[16, 8, 17, 40, 48, 32, 49, 51] текущие скоры, которые дают максимальное число дипломов
[16, 8, 17, 40, 48, 32, 49, 51] [16, 8, 17, 40, 48, 32, 50, 51] [16, 8, 17, 40, 48, 32, 48, 51]
7739 текущий максимум дипломов


номер итерации 265
[16, 8, 17, 40, 48, 32, 49, 51] текущие скоры, которые дают максимальное число дипломов
[16, 8, 17, 40, 48, 32, 49, 51] [17, 8, 17, 40, 48, 32, 49, 51] [15, 8, 17, 40, 48, 32, 49, 51]
7739 текущий максимум дипломов


номер итерации 266
[16, 8, 17, 40, 48, 32, 49, 51] текущие скоры, которые дают максимальное число дипломов
[16, 8, 17, 40, 48, 32, 49, 51] [16, 8, 18, 40, 48, 32, 49, 51] [16, 8, 16, 40, 48, 32, 49, 51]
7739 текущий максимум дипломов


номер итерации 267
[16, 8, 17, 40, 48, 32, 49, 51] текущие скоры, которые дают максимальное число дипломов
[16, 8, 17, 40, 48, 32, 49, 51] [16, 8, 17, 40, 48, 32, 49, 52] [16, 8, 17, 40, 48, 32, 49, 50]
7739 текущий максимум дипломов


номер итерации 268
[16, 8, 17, 40, 48, 32, 49, 50] текущие скоры, которые дают максимальное число дипломов
[16, 8, 17, 40, 48, 32, 49, 50] [16, 8, 17, 40, 48, 32, 49, 51] [16, 8, 17, 40, 48, 32, 49, 49]
7739 текущий максимум дипломов


номер итерации 269
[16, 8, 17, 40, 48, 32, 49, 50] текущие скоры, которые дают максимальное число дипломов
[16, 8, 17, 40, 48, 32, 49, 50] [16, 12, 17, 40, 48, 32, 49, 50] [16, 7, 17, 40, 48, 32, 49, 50]
7739 текущий максимум дипломов


номер итерации 270
[16, 8, 17, 40, 48, 32, 49, 50] текущие скоры, которые дают максимальное число дипломов
[16, 8, 17, 40, 48, 32, 49, 50] [16, 8, 17, 40, 48, 32, 50, 50] [16, 8, 17, 40, 48, 32, 48, 50]
7739 текущий максимум дипломов


номер итерации 271
[16, 8, 17, 40, 48, 32, 49, 50] текущие скоры, которые дают максимальное число дипломов
[16, 8, 17, 40, 48, 32, 49, 50] [16, 8, 17, 40, 48, 33, 49, 50] [16, 8, 17, 40, 48, 31, 49, 50]
7739 текущий максимум дипломов


номер итерации 272
[16, 8, 17, 40, 48, 32, 49, 50] текущие скоры, которые дают максимальное число дипломов
[16, 8, 17, 40, 48, 32, 49, 50] [16, 8, 17, 40, 48, 32, 49, 51] [16, 8, 17, 40, 48, 32, 49, 49]
7739 текущий максимум дипломов


номер итерации 273
[16, 8, 17, 40, 48, 32, 49, 50] текущие скоры, которые дают максимальное число дипломов
[16, 8, 17, 40, 48, 32, 49, 50] [16, 9, 17, 40, 48, 32, 49, 50] [16, 7, 17, 40, 48, 32, 49, 50]
7739 текущий максимум дипломов


номер итерации 274
[16, 8, 17, 40, 48, 32, 49, 50] текущие скоры, которые дают максимальное число дипломов
[16, 8, 17, 40, 48, 32, 49, 50] [16, 8, 17, 40, 48, 32, 49, 51] [16, 8, 17, 40, 48, 32, 49, 49]
7739 текущий максимум дипломов


номер итерации 275
[16, 8, 17, 40, 48, 32, 49, 50] текущие скоры, которые дают максимальное число дипломов
[16, 8, 17, 40, 48, 32, 49, 50] [16, 9, 17, 40, 48, 32, 49, 50] [16, 7, 17, 40, 48, 32, 49, 50]
7739 текущий максимум дипломов


номер итерации 276
[16, 8, 17, 40, 48, 32, 49, 50] текущие скоры, которые дают максимальное число дипломов
[16, 8, 17, 40, 48, 32, 49, 50] [16, 8, 17, 41, 48, 32, 49, 50] [16, 8, 17, 39, 48, 32, 49, 50]
7739 текущий максимум дипломов


номер итерации 277
[16, 8, 17, 40, 48, 32, 49, 50] текущие скоры, которые дают максимальное число дипломов
[16, 8, 17, 40, 48, 32, 49, 50] [16, 8, 17, 41, 48, 32, 49, 50] [16, 8, 17, 39, 48, 32, 49, 50]
7739 текущий максимум дипломов


номер итерации 278
[16, 8, 17, 40, 48, 32, 49, 50] текущие скоры, которые дают максимальное число дипломов
[16, 8, 17, 40, 48, 32, 49, 50] [16, 8, 18, 40, 48, 32, 49, 50] [16, 8, 16, 40, 48, 32, 49, 50]
7739 текущий максимум дипломов


номер итерации 279
[16, 8, 17, 40, 48, 32, 49, 50] текущие скоры, которые дают максимальное число дипломов
[16, 8, 17, 40, 48, 32, 49, 50] [16, 9, 17, 40, 48, 32, 49, 50] [16, 7, 17, 40, 48, 32, 49, 50]
7739 текущий максимум дипломов


номер итерации 280
[16, 8, 17, 40, 48, 32, 49, 50] текущие скоры, которые дают максимальное число дипломов
[16, 8, 17, 40, 48, 32, 49, 50] [16, 8, 17, 40, 49, 32, 49, 50] [16, 8, 17, 40, 47, 32, 49, 50]
7739 текущий максимум дипломов


номер итерации 281
[16, 8, 17, 40, 48, 32, 49, 50] текущие скоры, которые дают максимальное число дипломов
[16, 8, 17, 40, 48, 32, 49, 50] [17, 8, 17, 40, 48, 32, 49, 50] [15, 8, 17, 40, 48, 32, 49, 50]
7739 текущий максимум дипломов


номер итерации 282
[16, 8, 17, 40, 48, 32, 49, 50] текущие скоры, которые дают максимальное число дипломов
[16, 8, 17, 40, 48, 32, 49, 50] [16, 12, 17, 40, 48, 32, 49, 50] [16, 7, 17, 40, 48, 32, 49, 50]
7739 текущий максимум дипломов


номер итерации 283
[16, 8, 17, 40, 48, 32, 49, 50] текущие скоры, которые дают максимальное число дипломов
[16, 8, 17, 40, 48, 32, 49, 50] [16, 8, 17, 40, 48, 32, 50, 50] [16, 8, 17, 40, 48, 32, 48, 50]
7739 текущий максимум дипломов


номер итерации 284
[16, 8, 17, 40, 48, 32, 49, 50] текущие скоры, которые дают максимальное число дипломов
[16, 8, 17, 40, 48, 32, 49, 50] [16, 8, 17, 40, 48, 32, 50, 50] [16, 8, 17, 40, 48, 32, 48, 50]
7739 текущий максимум дипломов


номер итерации 285
[16, 8, 17, 40, 48, 32, 49, 50] текущие скоры, которые дают максимальное число дипломов
[16, 8, 17, 40, 48, 32, 49, 50] [16, 8, 17, 40, 48, 32, 49, 51] [16, 8, 17, 40, 48, 32, 49, 49]
7739 текущий максимум дипломов


номер итерации 286
[16, 8, 17, 40, 48, 32, 49, 50] текущие скоры, которые дают максимальное число дипломов
[16, 8, 17, 40, 48, 32, 49, 50] [16, 8, 17, 40, 48, 33, 49, 50] [16, 8, 17, 40, 48, 31, 49, 50]
7739 текущий максимум дипломов


номер итерации 287
[16, 8, 17, 40, 48, 32, 49, 50] текущие скоры, которые дают максимальное число дипломов
[16, 8, 17, 40, 48, 32, 49, 50] [17, 8, 17, 40, 48, 32, 49, 50] [15, 8, 17, 40, 48, 32, 49, 50]
7739 текущий максимум дипломов


номер итерации 288
[16, 8, 17, 40, 48, 32, 49, 50] текущие скоры, которые дают максимальное число дипломов
[16, 8, 17, 40, 48, 32, 49, 50] [16, 8, 17, 40, 48, 33, 49, 50] [16, 8, 17, 40, 48, 31, 49, 50]
7739 текущий максимум дипломов


номер итерации 289
[16, 8, 17, 40, 48, 32, 49, 50] текущие скоры, которые дают максимальное число дипломов
[16, 8, 17, 40, 48, 32, 49, 50] [16, 8, 18, 40, 48, 32, 49, 50] [16, 8, 16, 40, 48, 32, 49, 50]
7739 текущий максимум дипломов


номер итерации 290
[16, 8, 17, 40, 48, 32, 49, 50] текущие скоры, которые дают максимальное число дипломов
[16, 8, 17, 40, 48, 32, 49, 50] [16, 8, 17, 40, 48, 33, 49, 50] [16, 8, 17, 40, 48, 31, 49, 50]
7739 текущий максимум дипломов


номер итерации 291
[16, 8, 17, 40, 48, 32, 49, 50] текущие скоры, которые дают максимальное число дипломов
[16, 8, 17, 40, 48, 32, 49, 50] [16, 8, 17, 40, 48, 33, 49, 50] [16, 8, 17, 40, 48, 31, 49, 50]
7739 текущий максимум дипломов


номер итерации 292
[16, 8, 17, 40, 48, 32, 49, 50] текущие скоры, которые дают максимальное число дипломов
[16, 8, 17, 40, 48, 32, 49, 50] [17, 8, 17, 40, 48, 32, 49, 50] [15, 8, 17, 40, 48, 32, 49, 50]
7739 текущий максимум дипломов


номер итерации 293
[16, 8, 17, 40, 48, 32, 49, 50] текущие скоры, которые дают максимальное число дипломов
[16, 8, 17, 40, 48, 32, 49, 50] [16, 8, 17, 40, 48, 32, 50, 50] [16, 8, 17, 40, 48, 32, 48, 50]
7739 текущий максимум дипломов


номер итерации 294
[16, 8, 17, 40, 48, 32, 49, 50] текущие скоры, которые дают максимальное число дипломов
[16, 8, 17, 40, 48, 32, 49, 50] [16, 8, 17, 40, 48, 32, 49, 51] [16, 8, 17, 40, 48, 32, 49, 49]
7739 текущий максимум дипломов


номер итерации 295
[16, 8, 17, 40, 48, 32, 49, 50] текущие скоры, которые дают максимальное число дипломов
[16, 8, 17, 40, 48, 32, 49, 50] [16, 8, 18, 40, 48, 32, 49, 50] [16, 8, 16, 40, 48, 32, 49, 50]
7739 текущий максимум дипломов


номер итерации 296
[16, 8, 17, 40, 48, 32, 49, 50] текущие скоры, которые дают максимальное число дипломов
[16, 8, 17, 40, 48, 32, 49, 50] [16, 8, 17, 40, 48, 33, 49, 50] [16, 8, 17, 40, 48, 31, 49, 50]
7739 текущий максимум дипломов


номер итерации 297
[16, 8, 17, 40, 48, 32, 49, 50] текущие скоры, которые дают максимальное число дипломов
[16, 8, 17, 40, 48, 32, 49, 50] [16, 8, 17, 41, 48, 32, 49, 50] [16, 8, 17, 39, 48, 32, 49, 50]
7739 текущий максимум дипломов


номер итерации 298
[16, 8, 17, 40, 48, 32, 49, 50] текущие скоры, которые дают максимальное число дипломов
[16, 8, 17, 40, 48, 32, 49, 50] [16, 8, 25, 40, 48, 32, 49, 50] [16, 8, 16, 40, 48, 32, 49, 50]
7739 текущий максимум дипломов


номер итерации 299
[16, 8, 17, 40, 48, 32, 49, 50] текущие скоры, которые дают максимальное число дипломов
[16, 8, 17, 40, 48, 32, 49, 50] [16, 9, 17, 40, 48, 32, 49, 50] [16, 7, 17, 40, 48, 32, 49, 50]
7739 текущий максимум дипломов


номер итерации 300
[16, 8, 17, 40, 48, 32, 49, 50] текущие скоры, которые дают максимальное число дипломов
[16, 8, 17, 40, 48, 32, 49, 50] [16, 8, 17, 40, 48, 32, 50, 50] [16, 8, 17, 40, 48, 32, 48, 50]
7739 текущий максимум дипломов

Process finished with exit code 0
