C:\Users\xeny\PycharmProjects\SiriusAnalysis\venv\Scripts\python.exe C:/Users/xeny/PycharmProjects/SiriusAnalysis/MakeReport.py
C:\Users\xeny\SiriusML\MathData
C:\Users\xeny\SiriusML\MathData
8
[1, 1, 1, 1, 1, 1, 1, 1]
идеальное количество дипломов 737
[('1', 0.29), ('2', 0.43), ('3', 0.33), ('4', 0.17), ('5', 0.43), ('6', 0.34), ('7', 0.47), ('8', 0.27)] сложности задач: сложность:номер задачи
[('7', 0.47), ('2', 0.43), ('5', 0.43), ('6', 0.34), ('3', 0.33), ('1', 0.29), ('8', 0.27), ('4', 0.17)] look here
[0.47, 0.43, 0.43, 0.34, 0.33, 0.29, 0.27, 0.17]
[('1', 0.29), ('2', 0.43), ('3', 0.33), ('4', 0.17), ('5', 0.43), ('6', 0.34), ('7', 0.47), ('8', 0.27)] сложности задач: сложность:номер задачи
[6, 2, 5, 8, 3, 4, 1, 7]
Новое колво дипломов 652
Старое колво дипломов 492


номер итерации 1
[6, 2, 5, 8, 3, 4, 1, 7] текущие скоры, которые дают максимальное число дипломов
[6, 2, 5, 8, 3, 4, 1, 7] [6, 3, 5, 8, 3, 4, 1, 7] [6, 1, 5, 8, 3, 4, 1, 7]
652 текущий максимум дипломов


номер итерации 2
[6, 2, 5, 8, 3, 4, 1, 7] текущие скоры, которые дают максимальное число дипломов
[6, 2, 5, 8, 3, 4, 1, 7] [7, 2, 5, 8, 3, 4, 1, 7] [5, 2, 5, 8, 3, 4, 1, 7]
652 текущий максимум дипломов


номер итерации 3
[6, 2, 5, 8, 3, 4, 1, 7] текущие скоры, которые дают максимальное число дипломов
[6, 2, 5, 8, 3, 4, 1, 7] [6, 2, 6, 8, 3, 4, 1, 7] [6, 2, 4, 8, 3, 4, 1, 7]
652 текущий максимум дипломов


номер итерации 4
[6, 2, 5, 8, 3, 4, 1, 7] текущие скоры, которые дают максимальное число дипломов
[6, 2, 5, 8, 3, 4, 1, 7] [6, 2, 5, 8, 4, 4, 1, 7] [6, 2, 5, 8, 2, 4, 1, 7]
652 текущий максимум дипломов


номер итерации 5
[6, 2, 5, 8, 3, 4, 1, 7] текущие скоры, которые дают максимальное число дипломов
[6, 2, 5, 8, 3, 4, 1, 7] [6, 2, 5, 8, 4, 4, 1, 7] [6, 2, 5, 8, 2, 4, 1, 7]
652 текущий максимум дипломов


номер итерации 6
[6, 2, 5, 8, 3, 4, 1, 7] текущие скоры, которые дают максимальное число дипломов
[6, 2, 5, 8, 3, 4, 1, 7] [7, 2, 5, 8, 3, 4, 1, 7] [5, 2, 5, 8, 3, 4, 1, 7]
652 текущий максимум дипломов


номер итерации 7
[6, 2, 5, 8, 3, 4, 1, 7] текущие скоры, которые дают максимальное число дипломов
[6, 2, 5, 8, 3, 4, 1, 7] [6, 2, 5, 8, 3, 5, 1, 7] [6, 2, 5, 8, 3, 3, 1, 7]
652 текущий максимум дипломов


номер итерации 8
[6, 2, 5, 8, 3, 4, 1, 7] текущие скоры, которые дают максимальное число дипломов
[6, 2, 5, 8, 3, 4, 1, 7] [7, 2, 5, 8, 3, 4, 1, 7] [5, 2, 5, 8, 3, 4, 1, 7]
652 текущий максимум дипломов


номер итерации 9
[6, 2, 5, 8, 3, 4, 1, 7] текущие скоры, которые дают максимальное число дипломов
[6, 2, 5, 8, 3, 4, 1, 7] [6, 2, 5, 9, 3, 4, 1, 7] [6, 2, 5, 7, 3, 4, 1, 7]
652 текущий максимум дипломов


номер итерации 10
[6, 2, 5, 8, 3, 4, 1, 7] текущие скоры, которые дают максимальное число дипломов
[6, 2, 5, 8, 3, 4, 1, 7] [6, 2, 5, 8, 3, 4, 2, 7] [6, 2, 5, 8, 3, 4, 1, 7]
652 текущий максимум дипломов


номер итерации 11
[6, 2, 5, 8, 3, 4, 1, 7] текущие скоры, которые дают максимальное число дипломов
[6, 2, 5, 8, 3, 4, 1, 7] [6, 3, 5, 8, 3, 4, 1, 7] [6, 1, 5, 8, 3, 4, 1, 7]
652 текущий максимум дипломов


номер итерации 12
[6, 2, 5, 8, 3, 4, 1, 7] текущие скоры, которые дают максимальное число дипломов
[6, 2, 5, 8, 3, 4, 1, 7] [6, 2, 5, 8, 3, 5, 1, 7] [6, 2, 5, 8, 3, 3, 1, 7]
652 текущий максимум дипломов


номер итерации 13
[6, 2, 5, 8, 3, 4, 1, 7] текущие скоры, которые дают максимальное число дипломов
[6, 2, 5, 8, 3, 4, 1, 7] [6, 2, 5, 8, 4, 4, 1, 7] [6, 2, 5, 8, 2, 4, 1, 7]
652 текущий максимум дипломов


номер итерации 14
[6, 2, 5, 8, 3, 4, 1, 7] текущие скоры, которые дают максимальное число дипломов
[6, 2, 5, 8, 3, 4, 1, 7] [6, 2, 5, 8, 4, 4, 1, 7] [6, 2, 5, 8, 2, 4, 1, 7]
652 текущий максимум дипломов


номер итерации 15
[6, 2, 5, 8, 3, 4, 1, 7] текущие скоры, которые дают максимальное число дипломов
[6, 2, 5, 8, 3, 4, 1, 7] [6, 3, 5, 8, 3, 4, 1, 7] [6, 1, 5, 8, 3, 4, 1, 7]
652 текущий максимум дипломов


номер итерации 16
[6, 2, 5, 8, 3, 4, 1, 7] текущие скоры, которые дают максимальное число дипломов
[6, 2, 5, 8, 3, 4, 1, 7] [6, 2, 6, 8, 3, 4, 1, 7] [6, 2, 4, 8, 3, 4, 1, 7]
652 текущий максимум дипломов


номер итерации 17
[6, 2, 5, 8, 3, 4, 1, 7] текущие скоры, которые дают максимальное число дипломов
[6, 2, 5, 8, 3, 4, 1, 7] [6, 2, 5, 8, 3, 4, 1, 8] [6, 2, 5, 8, 3, 4, 1, 6]
652 текущий максимум дипломов


номер итерации 18
[6, 2, 5, 8, 3, 4, 1, 7] текущие скоры, которые дают максимальное число дипломов
[6, 2, 5, 8, 3, 4, 1, 7] [6, 2, 6, 8, 3, 4, 1, 7] [6, 2, 4, 8, 3, 4, 1, 7]
652 текущий максимум дипломов


номер итерации 19
[6, 2, 5, 8, 3, 4, 1, 7] текущие скоры, которые дают максимальное число дипломов
[6, 2, 5, 8, 3, 4, 1, 7] [6, 3, 5, 8, 3, 4, 1, 7] [6, 1, 5, 8, 3, 4, 1, 7]
652 текущий максимум дипломов


номер итерации 20
[6, 2, 5, 8, 3, 4, 1, 7] текущие скоры, которые дают максимальное число дипломов
[6, 2, 5, 8, 3, 4, 1, 7] [7, 2, 5, 8, 3, 4, 1, 7] [5, 2, 5, 8, 3, 4, 1, 7]
652 текущий максимум дипломов


номер итерации 21
[6, 2, 5, 8, 3, 4, 1, 7] текущие скоры, которые дают максимальное число дипломов
[6, 2, 5, 8, 3, 4, 1, 7] [6, 2, 5, 8, 3, 4, 1, 8] [6, 2, 5, 8, 3, 4, 1, 6]
652 текущий максимум дипломов


номер итерации 22
[6, 2, 5, 8, 3, 4, 1, 7] текущие скоры, которые дают максимальное число дипломов
[6, 2, 5, 8, 3, 4, 1, 7] [6, 2, 5, 8, 4, 4, 1, 7] [6, 2, 5, 8, 2, 4, 1, 7]
652 текущий максимум дипломов


номер итерации 23
[6, 2, 5, 8, 3, 4, 1, 7] текущие скоры, которые дают максимальное число дипломов
[6, 2, 5, 8, 3, 4, 1, 7] [6, 2, 5, 12, 3, 4, 1, 7] [6, 2, 5, 7, 3, 4, 1, 7]
652 текущий максимум дипломов


номер итерации 24
[6, 2, 5, 8, 3, 4, 1, 7] текущие скоры, которые дают максимальное число дипломов
[6, 2, 5, 8, 3, 4, 1, 7] [6, 2, 5, 8, 4, 4, 1, 7] [6, 2, 5, 8, 2, 4, 1, 7]
652 текущий максимум дипломов


номер итерации 25
[6, 2, 5, 8, 3, 4, 1, 7] текущие скоры, которые дают максимальное число дипломов
[6, 2, 5, 8, 3, 4, 1, 7] [6, 2, 5, 8, 3, 4, 1, 8] [6, 2, 5, 8, 3, 4, 1, 6]
652 текущий максимум дипломов


номер итерации 26
[6, 2, 5, 8, 3, 4, 1, 7] текущие скоры, которые дают максимальное число дипломов
[6, 2, 5, 8, 3, 4, 1, 7] [6, 2, 5, 8, 4, 4, 1, 7] [6, 2, 5, 8, 2, 4, 1, 7]
652 текущий максимум дипломов


номер итерации 27
[6, 2, 5, 8, 3, 4, 1, 7] текущие скоры, которые дают максимальное число дипломов
[6, 2, 5, 8, 3, 4, 1, 7] [6, 2, 5, 8, 3, 5, 1, 7] [6, 2, 5, 8, 3, 3, 1, 7]
652 текущий максимум дипломов


номер итерации 28
[6, 2, 5, 8, 3, 4, 1, 7] текущие скоры, которые дают максимальное число дипломов
[6, 2, 5, 8, 3, 4, 1, 7] [7, 2, 5, 8, 3, 4, 1, 7] [5, 2, 5, 8, 3, 4, 1, 7]
652 текущий максимум дипломов


номер итерации 29
[6, 2, 5, 8, 3, 4, 1, 7] текущие скоры, которые дают максимальное число дипломов
[6, 2, 5, 8, 3, 4, 1, 7] [6, 2, 5, 8, 3, 4, 1, 8] [6, 2, 5, 8, 3, 4, 1, 6]
652 текущий максимум дипломов


номер итерации 30
[6, 2, 5, 8, 3, 4, 1, 7] текущие скоры, которые дают максимальное число дипломов
[6, 2, 5, 8, 3, 4, 1, 7] [7, 2, 5, 8, 3, 4, 1, 7] [5, 2, 5, 8, 3, 4, 1, 7]
652 текущий максимум дипломов


номер итерации 31
[6, 2, 5, 8, 3, 4, 1, 7] текущие скоры, которые дают максимальное число дипломов
[6, 2, 5, 8, 3, 4, 1, 7] [7, 2, 5, 8, 3, 4, 1, 7] [5, 2, 5, 8, 3, 4, 1, 7]
652 текущий максимум дипломов


номер итерации 32
[6, 2, 5, 8, 3, 4, 1, 7] текущие скоры, которые дают максимальное число дипломов
[6, 2, 5, 8, 3, 4, 1, 7] [6, 2, 5, 8, 4, 4, 1, 7] [6, 2, 5, 8, 2, 4, 1, 7]
652 текущий максимум дипломов


номер итерации 33
[6, 2, 5, 8, 3, 4, 1, 7] текущие скоры, которые дают максимальное число дипломов
[6, 2, 5, 8, 3, 4, 1, 7] [6, 2, 5, 8, 3, 5, 1, 7] [6, 2, 5, 8, 3, 3, 1, 7]
652 текущий максимум дипломов


номер итерации 34
[6, 2, 5, 8, 3, 4, 1, 7] текущие скоры, которые дают максимальное число дипломов
[6, 2, 5, 8, 3, 4, 1, 7] [7, 2, 5, 8, 3, 4, 1, 7] [5, 2, 5, 8, 3, 4, 1, 7]
652 текущий максимум дипломов


номер итерации 35
[6, 2, 5, 8, 3, 4, 1, 7] текущие скоры, которые дают максимальное число дипломов
[6, 2, 5, 8, 3, 4, 1, 7] [7, 2, 5, 8, 3, 4, 1, 7] [5, 2, 5, 8, 3, 4, 1, 7]
652 текущий максимум дипломов


номер итерации 36
[6, 2, 5, 8, 3, 4, 1, 7] текущие скоры, которые дают максимальное число дипломов
[6, 2, 5, 8, 3, 4, 1, 7] [7, 2, 5, 8, 3, 4, 1, 7] [5, 2, 5, 8, 3, 4, 1, 7]
652 текущий максимум дипломов


номер итерации 37
[6, 2, 5, 8, 3, 4, 1, 7] текущие скоры, которые дают максимальное число дипломов
[6, 2, 5, 8, 3, 4, 1, 7] [6, 2, 5, 8, 3, 4, 1, 8] [6, 2, 5, 8, 3, 4, 1, 6]
652 текущий максимум дипломов


номер итерации 38
[6, 2, 5, 8, 3, 4, 1, 7] текущие скоры, которые дают максимальное число дипломов
[6, 2, 5, 8, 3, 4, 1, 7] [6, 2, 5, 8, 3, 4, 1, 8] [6, 2, 5, 8, 3, 4, 1, 6]
652 текущий максимум дипломов


номер итерации 39
[6, 2, 5, 8, 3, 4, 1, 7] текущие скоры, которые дают максимальное число дипломов
[6, 2, 5, 8, 3, 4, 1, 7] [6, 2, 6, 8, 3, 4, 1, 7] [6, 2, 4, 8, 3, 4, 1, 7]
652 текущий максимум дипломов


номер итерации 40
[6, 2, 5, 8, 3, 4, 1, 7] текущие скоры, которые дают максимальное число дипломов
[6, 2, 5, 8, 3, 4, 1, 7] [6, 2, 6, 8, 3, 4, 1, 7] [6, 2, 4, 8, 3, 4, 1, 7]
652 текущий максимум дипломов


номер итерации 41
[6, 2, 5, 8, 3, 4, 1, 7] текущие скоры, которые дают максимальное число дипломов
[6, 2, 5, 8, 3, 4, 1, 7] [6, 2, 5, 8, 3, 4, 2, 7] [6, 2, 5, 8, 3, 4, 1, 7]
652 текущий максимум дипломов


номер итерации 42
[6, 2, 5, 8, 3, 4, 1, 7] текущие скоры, которые дают максимальное число дипломов
[6, 2, 5, 8, 3, 4, 1, 7] [6, 2, 6, 8, 3, 4, 1, 7] [6, 2, 4, 8, 3, 4, 1, 7]
652 текущий максимум дипломов


номер итерации 43
[6, 2, 5, 8, 3, 4, 1, 7] текущие скоры, которые дают максимальное число дипломов
[6, 2, 5, 8, 3, 4, 1, 7] [6, 3, 5, 8, 3, 4, 1, 7] [6, 1, 5, 8, 3, 4, 1, 7]
652 текущий максимум дипломов


номер итерации 44
[6, 2, 5, 8, 3, 4, 1, 7] текущие скоры, которые дают максимальное число дипломов
[6, 2, 5, 8, 3, 4, 1, 7] [6, 2, 5, 8, 3, 4, 1, 8] [6, 2, 5, 8, 3, 4, 1, 6]
652 текущий максимум дипломов


номер итерации 45
[6, 2, 5, 8, 3, 4, 1, 7] текущие скоры, которые дают максимальное число дипломов
[6, 2, 5, 8, 3, 4, 1, 7] [6, 3, 5, 8, 3, 4, 1, 7] [6, 1, 5, 8, 3, 4, 1, 7]
652 текущий максимум дипломов


номер итерации 46
[6, 2, 5, 8, 3, 4, 1, 7] текущие скоры, которые дают максимальное число дипломов
[6, 2, 5, 8, 3, 4, 1, 7] [6, 2, 6, 8, 3, 4, 1, 7] [6, 2, 4, 8, 3, 4, 1, 7]
652 текущий максимум дипломов


номер итерации 47
[6, 2, 5, 8, 3, 4, 1, 7] текущие скоры, которые дают максимальное число дипломов
[6, 2, 5, 8, 3, 4, 1, 7] [7, 2, 5, 8, 3, 4, 1, 7] [5, 2, 5, 8, 3, 4, 1, 7]
652 текущий максимум дипломов


номер итерации 48
[6, 2, 5, 8, 3, 4, 1, 7] текущие скоры, которые дают максимальное число дипломов
[6, 2, 5, 8, 3, 4, 1, 7] [6, 2, 5, 8, 3, 5, 1, 7] [6, 2, 5, 8, 3, 3, 1, 7]
652 текущий максимум дипломов


номер итерации 49
[6, 2, 5, 8, 3, 4, 1, 7] текущие скоры, которые дают максимальное число дипломов
[6, 2, 5, 8, 3, 4, 1, 7] [6, 2, 5, 8, 4, 4, 1, 7] [6, 2, 5, 8, 2, 4, 1, 7]
652 текущий максимум дипломов


номер итерации 50
[6, 2, 5, 8, 3, 4, 1, 7] текущие скоры, которые дают максимальное число дипломов
[6, 2, 5, 8, 3, 4, 1, 7] [6, 2, 5, 8, 3, 4, 2, 7] [6, 2, 5, 8, 3, 4, 1, 7]
652 текущий максимум дипломов


номер итерации 51
[6, 2, 5, 8, 3, 4, 1, 7] текущие скоры, которые дают максимальное число дипломов
[6, 2, 5, 8, 3, 4, 1, 7] [6, 2, 5, 8, 4, 4, 1, 7] [6, 2, 5, 8, 2, 4, 1, 7]
652 текущий максимум дипломов


номер итерации 52
[6, 2, 5, 8, 3, 4, 1, 7] текущие скоры, которые дают максимальное число дипломов
[6, 2, 5, 8, 3, 4, 1, 7] [6, 2, 5, 8, 3, 4, 2, 7] [6, 2, 5, 8, 3, 4, 1, 7]
652 текущий максимум дипломов


номер итерации 53
[6, 2, 5, 8, 3, 4, 1, 7] текущие скоры, которые дают максимальное число дипломов
[6, 2, 5, 8, 3, 4, 1, 7] [6, 3, 5, 8, 3, 4, 1, 7] [6, 1, 5, 8, 3, 4, 1, 7]
652 текущий максимум дипломов


номер итерации 54
[6, 2, 5, 8, 3, 4, 1, 7] текущие скоры, которые дают максимальное число дипломов
[6, 2, 5, 8, 3, 4, 1, 7] [6, 3, 5, 8, 3, 4, 1, 7] [6, 1, 5, 8, 3, 4, 1, 7]
652 текущий максимум дипломов


номер итерации 55
[6, 2, 5, 8, 3, 4, 1, 7] текущие скоры, которые дают максимальное число дипломов
[6, 2, 5, 8, 3, 4, 1, 7] [6, 3, 5, 8, 3, 4, 1, 7] [6, 1, 5, 8, 3, 4, 1, 7]
652 текущий максимум дипломов


номер итерации 56
[6, 2, 5, 8, 3, 4, 1, 7] текущие скоры, которые дают максимальное число дипломов
[6, 2, 5, 8, 3, 4, 1, 7] [6, 2, 5, 9, 3, 4, 1, 7] [6, 2, 5, 7, 3, 4, 1, 7]
652 текущий максимум дипломов


номер итерации 57
[6, 2, 5, 8, 3, 4, 1, 7] текущие скоры, которые дают максимальное число дипломов
[6, 2, 5, 8, 3, 4, 1, 7] [6, 2, 5, 8, 3, 4, 1, 8] [6, 2, 5, 8, 3, 4, 1, 6]
652 текущий максимум дипломов


номер итерации 58
[6, 2, 5, 8, 3, 4, 1, 7] текущие скоры, которые дают максимальное число дипломов
[6, 2, 5, 8, 3, 4, 1, 7] [6, 2, 5, 8, 3, 4, 2, 7] [6, 2, 5, 8, 3, 4, 1, 7]
652 текущий максимум дипломов


номер итерации 59
[6, 2, 5, 8, 3, 4, 1, 7] текущие скоры, которые дают максимальное число дипломов
[6, 2, 5, 8, 3, 4, 1, 7] [6, 2, 5, 8, 3, 5, 1, 7] [6, 2, 5, 8, 3, 3, 1, 7]
652 текущий максимум дипломов


номер итерации 60
[6, 2, 5, 8, 3, 4, 1, 7] текущие скоры, которые дают максимальное число дипломов
[6, 2, 5, 8, 3, 4, 1, 7] [6, 3, 5, 8, 3, 4, 1, 7] [6, 1, 5, 8, 3, 4, 1, 7]
652 текущий максимум дипломов


номер итерации 61
[6, 2, 5, 8, 3, 4, 1, 7] текущие скоры, которые дают максимальное число дипломов
[6, 2, 5, 8, 3, 4, 1, 7] [6, 3, 5, 8, 3, 4, 1, 7] [6, 1, 5, 8, 3, 4, 1, 7]
652 текущий максимум дипломов


номер итерации 62
[6, 2, 5, 8, 3, 4, 1, 7] текущие скоры, которые дают максимальное число дипломов
[6, 2, 5, 8, 3, 4, 1, 7] [6, 2, 5, 8, 3, 4, 2, 7] [6, 2, 5, 8, 3, 4, 1, 7]
652 текущий максимум дипломов


номер итерации 63
[6, 2, 5, 8, 3, 4, 1, 7] текущие скоры, которые дают максимальное число дипломов
[6, 2, 5, 8, 3, 4, 1, 7] [6, 2, 6, 8, 3, 4, 1, 7] [6, 2, 4, 8, 3, 4, 1, 7]
652 текущий максимум дипломов


номер итерации 64
[6, 2, 5, 8, 3, 4, 1, 7] текущие скоры, которые дают максимальное число дипломов
[6, 2, 5, 8, 3, 4, 1, 7] [6, 3, 5, 8, 3, 4, 1, 7] [6, 1, 5, 8, 3, 4, 1, 7]
652 текущий максимум дипломов


номер итерации 65
[6, 2, 5, 8, 3, 4, 1, 7] текущие скоры, которые дают максимальное число дипломов
[6, 2, 5, 8, 3, 4, 1, 7] [6, 2, 5, 8, 4, 4, 1, 7] [6, 2, 5, 8, 2, 4, 1, 7]
652 текущий максимум дипломов


номер итерации 66
[6, 2, 5, 8, 3, 4, 1, 7] текущие скоры, которые дают максимальное число дипломов
[6, 2, 5, 8, 3, 4, 1, 7] [6, 2, 5, 8, 3, 4, 1, 7] [6, 2, 5, 8, 3, 4, 1, 7]
652 текущий максимум дипломов


номер итерации 67
[6, 2, 5, 8, 3, 4, 1, 7] текущие скоры, которые дают максимальное число дипломов
[6, 2, 5, 8, 3, 4, 1, 7] [6, 2, 6, 8, 3, 4, 1, 7] [6, 2, 4, 8, 3, 4, 1, 7]
652 текущий максимум дипломов


номер итерации 68
[6, 2, 5, 8, 3, 4, 1, 7] текущие скоры, которые дают максимальное число дипломов
[6, 2, 5, 8, 3, 4, 1, 7] [7, 2, 5, 8, 3, 4, 1, 7] [5, 2, 5, 8, 3, 4, 1, 7]
652 текущий максимум дипломов


номер итерации 69
[6, 2, 5, 8, 3, 4, 1, 7] текущие скоры, которые дают максимальное число дипломов
[6, 2, 5, 8, 3, 4, 1, 7] [6, 2, 6, 8, 3, 4, 1, 7] [6, 2, 4, 8, 3, 4, 1, 7]
652 текущий максимум дипломов


номер итерации 70
[6, 2, 5, 8, 3, 4, 1, 7] текущие скоры, которые дают максимальное число дипломов
[6, 2, 5, 8, 3, 4, 1, 7] [6, 2, 5, 9, 3, 4, 1, 7] [6, 2, 5, 7, 3, 4, 1, 7]
652 текущий максимум дипломов


номер итерации 71
[6, 2, 5, 8, 3, 4, 1, 7] текущие скоры, которые дают максимальное число дипломов
[6, 2, 5, 8, 3, 4, 1, 7] [6, 2, 5, 8, 3, 5, 1, 7] [6, 2, 5, 8, 3, 3, 1, 7]
652 текущий максимум дипломов


номер итерации 72
[6, 2, 5, 8, 3, 4, 1, 7] текущие скоры, которые дают максимальное число дипломов
[6, 2, 5, 8, 3, 4, 1, 7] [6, 2, 5, 8, 4, 4, 1, 7] [6, 2, 5, 8, 2, 4, 1, 7]
652 текущий максимум дипломов


номер итерации 73
[6, 2, 5, 8, 3, 4, 1, 7] текущие скоры, которые дают максимальное число дипломов
[6, 2, 5, 8, 3, 4, 1, 7] [6, 2, 5, 8, 4, 4, 1, 7] [6, 2, 5, 8, 2, 4, 1, 7]
652 текущий максимум дипломов


номер итерации 74
[6, 2, 5, 8, 3, 4, 1, 7] текущие скоры, которые дают максимальное число дипломов
[6, 2, 5, 8, 3, 4, 1, 7] [6, 2, 5, 8, 3, 4, 1, 8] [6, 2, 5, 8, 3, 4, 1, 6]
652 текущий максимум дипломов


номер итерации 75
[6, 2, 5, 8, 3, 4, 1, 7] текущие скоры, которые дают максимальное число дипломов
[6, 2, 5, 8, 3, 4, 1, 7] [6, 2, 6, 8, 3, 4, 1, 7] [6, 2, 4, 8, 3, 4, 1, 7]
652 текущий максимум дипломов


номер итерации 76
[6, 2, 5, 8, 3, 4, 1, 7] текущие скоры, которые дают максимальное число дипломов
[6, 2, 5, 8, 3, 4, 1, 7] [6, 2, 5, 8, 3, 5, 1, 7] [6, 2, 5, 8, 3, 3, 1, 7]
652 текущий максимум дипломов


номер итерации 77
[6, 2, 5, 8, 3, 4, 1, 7] текущие скоры, которые дают максимальное число дипломов
[6, 2, 5, 8, 3, 4, 1, 7] [6, 3, 5, 8, 3, 4, 1, 7] [6, 1, 5, 8, 3, 4, 1, 7]
652 текущий максимум дипломов


номер итерации 78
[6, 2, 5, 8, 3, 4, 1, 7] текущие скоры, которые дают максимальное число дипломов
[6, 2, 5, 8, 3, 4, 1, 7] [6, 2, 5, 8, 3, 4, 2, 7] [6, 2, 5, 8, 3, 4, 1, 7]
652 текущий максимум дипломов


номер итерации 79
[6, 2, 5, 8, 3, 4, 1, 7] текущие скоры, которые дают максимальное число дипломов
[6, 2, 5, 8, 3, 4, 1, 7] [9, 2, 5, 8, 3, 4, 1, 7] [5, 2, 5, 8, 3, 4, 1, 7]
652 текущий максимум дипломов


номер итерации 80
[6, 2, 5, 8, 3, 4, 1, 7] текущие скоры, которые дают максимальное число дипломов
[6, 2, 5, 8, 3, 4, 1, 7] [6, 2, 5, 8, 3, 5, 1, 7] [6, 2, 5, 8, 3, 3, 1, 7]
652 текущий максимум дипломов


номер итерации 81
[6, 2, 5, 8, 3, 4, 1, 7] текущие скоры, которые дают максимальное число дипломов
[6, 2, 5, 8, 3, 4, 1, 7] [6, 3, 5, 8, 3, 4, 1, 7] [6, 1, 5, 8, 3, 4, 1, 7]
652 текущий максимум дипломов


номер итерации 82
[6, 2, 5, 8, 3, 4, 1, 7] текущие скоры, которые дают максимальное число дипломов
[6, 2, 5, 8, 3, 4, 1, 7] [7, 2, 5, 8, 3, 4, 1, 7] [5, 2, 5, 8, 3, 4, 1, 7]
652 текущий максимум дипломов


номер итерации 83
[6, 2, 5, 8, 3, 4, 1, 7] текущие скоры, которые дают максимальное число дипломов
[6, 2, 5, 8, 3, 4, 1, 7] [6, 2, 5, 8, 3, 4, 1, 8] [6, 2, 5, 8, 3, 4, 1, 6]
652 текущий максимум дипломов


номер итерации 84
[6, 2, 5, 8, 3, 4, 1, 7] текущие скоры, которые дают максимальное число дипломов
[6, 2, 5, 8, 3, 4, 1, 7] [6, 3, 5, 8, 3, 4, 1, 7] [6, 1, 5, 8, 3, 4, 1, 7]
652 текущий максимум дипломов


номер итерации 85
[6, 2, 5, 8, 3, 4, 1, 7] текущие скоры, которые дают максимальное число дипломов
[6, 2, 5, 8, 3, 4, 1, 7] [6, 2, 6, 8, 3, 4, 1, 7] [6, 2, 4, 8, 3, 4, 1, 7]
652 текущий максимум дипломов


номер итерации 86
[6, 2, 5, 8, 3, 4, 1, 7] текущие скоры, которые дают максимальное число дипломов
[6, 2, 5, 8, 3, 4, 1, 7] [6, 2, 5, 8, 3, 5, 1, 7] [6, 2, 5, 8, 3, 3, 1, 7]
652 текущий максимум дипломов


номер итерации 87
[6, 2, 5, 8, 3, 4, 1, 7] текущие скоры, которые дают максимальное число дипломов
[6, 2, 5, 8, 3, 4, 1, 7] [6, 2, 6, 8, 3, 4, 1, 7] [6, 2, 4, 8, 3, 4, 1, 7]
652 текущий максимум дипломов


номер итерации 88
[6, 2, 5, 8, 3, 4, 1, 7] текущие скоры, которые дают максимальное число дипломов
[6, 2, 5, 8, 3, 4, 1, 7] [6, 2, 5, 8, 4, 4, 1, 7] [6, 2, 5, 8, 2, 4, 1, 7]
652 текущий максимум дипломов


номер итерации 89
[6, 2, 5, 8, 3, 4, 1, 7] текущие скоры, которые дают максимальное число дипломов
[6, 2, 5, 8, 3, 4, 1, 7] [6, 3, 5, 8, 3, 4, 1, 7] [6, 1, 5, 8, 3, 4, 1, 7]
652 текущий максимум дипломов


номер итерации 90
[6, 2, 5, 8, 3, 4, 1, 7] текущие скоры, которые дают максимальное число дипломов
[6, 2, 5, 8, 3, 4, 1, 7] [7, 2, 5, 8, 3, 4, 1, 7] [5, 2, 5, 8, 3, 4, 1, 7]
652 текущий максимум дипломов


номер итерации 91
[6, 2, 5, 8, 3, 4, 1, 7] текущие скоры, которые дают максимальное число дипломов
[6, 2, 5, 8, 3, 4, 1, 7] [6, 2, 6, 8, 3, 4, 1, 7] [6, 2, 4, 8, 3, 4, 1, 7]
652 текущий максимум дипломов


номер итерации 92
[6, 2, 5, 8, 3, 4, 1, 7] текущие скоры, которые дают максимальное число дипломов
[6, 2, 5, 8, 3, 4, 1, 7] [6, 2, 5, 8, 3, 4, 1, 8] [6, 2, 5, 8, 3, 4, 1, 6]
652 текущий максимум дипломов


номер итерации 93
[6, 2, 5, 8, 3, 4, 1, 7] текущие скоры, которые дают максимальное число дипломов
[6, 2, 5, 8, 3, 4, 1, 7] [7, 2, 5, 8, 3, 4, 1, 7] [5, 2, 5, 8, 3, 4, 1, 7]
652 текущий максимум дипломов


номер итерации 94
[6, 2, 5, 8, 3, 4, 1, 7] текущие скоры, которые дают максимальное число дипломов
[6, 2, 5, 8, 3, 4, 1, 7] [6, 2, 5, 8, 3, 4, 2, 7] [6, 2, 5, 8, 3, 4, 1, 7]
652 текущий максимум дипломов


номер итерации 95
[6, 2, 5, 8, 3, 4, 1, 7] текущие скоры, которые дают максимальное число дипломов
[6, 2, 5, 8, 3, 4, 1, 7] [6, 2, 5, 8, 4, 4, 1, 7] [6, 2, 5, 8, 2, 4, 1, 7]
652 текущий максимум дипломов


номер итерации 96
[6, 2, 5, 8, 3, 4, 1, 7] текущие скоры, которые дают максимальное число дипломов
[6, 2, 5, 8, 3, 4, 1, 7] [6, 2, 5, 9, 3, 4, 1, 7] [6, 2, 5, 7, 3, 4, 1, 7]
652 текущий максимум дипломов


номер итерации 97
[6, 2, 5, 8, 3, 4, 1, 7] текущие скоры, которые дают максимальное число дипломов
[6, 2, 5, 8, 3, 4, 1, 7] [6, 2, 6, 8, 3, 4, 1, 7] [6, 2, 4, 8, 3, 4, 1, 7]
652 текущий максимум дипломов


номер итерации 98
[6, 2, 5, 8, 3, 4, 1, 7] текущие скоры, которые дают максимальное число дипломов
[6, 2, 5, 8, 3, 4, 1, 7] [6, 2, 5, 9, 3, 4, 1, 7] [6, 2, 5, 7, 3, 4, 1, 7]
652 текущий максимум дипломов


номер итерации 99
[6, 2, 5, 8, 3, 4, 1, 7] текущие скоры, которые дают максимальное число дипломов
[6, 2, 5, 8, 3, 4, 1, 7] [6, 2, 5, 8, 3, 4, 2, 7] [6, 2, 5, 8, 3, 4, 1, 7]
652 текущий максимум дипломов


номер итерации 100
[6, 2, 5, 8, 3, 4, 1, 7] текущие скоры, которые дают максимальное число дипломов
[6, 2, 5, 8, 3, 4, 1, 7] [6, 2, 5, 8, 4, 4, 1, 7] [6, 2, 5, 8, 2, 4, 1, 7]
652 текущий максимум дипломов


номер итерации 101
[6, 2, 5, 8, 3, 4, 1, 7] текущие скоры, которые дают максимальное число дипломов
[6, 2, 5, 8, 3, 4, 1, 7] [6, 2, 5, 9, 3, 4, 1, 7] [6, 2, 5, 7, 3, 4, 1, 7]
652 текущий максимум дипломов


номер итерации 102
[6, 2, 5, 8, 3, 4, 1, 7] текущие скоры, которые дают максимальное число дипломов
[6, 2, 5, 8, 3, 4, 1, 7] [6, 2, 5, 8, 4, 4, 1, 7] [6, 2, 5, 8, 2, 4, 1, 7]
652 текущий максимум дипломов


номер итерации 103
[6, 2, 5, 8, 3, 4, 1, 7] текущие скоры, которые дают максимальное число дипломов
[6, 2, 5, 8, 3, 4, 1, 7] [6, 2, 5, 8, 3, 4, 1, 8] [6, 2, 5, 8, 3, 4, 1, 6]
652 текущий максимум дипломов


номер итерации 104
[6, 2, 5, 8, 3, 4, 1, 7] текущие скоры, которые дают максимальное число дипломов
[6, 2, 5, 8, 3, 4, 1, 7] [6, 3, 5, 8, 3, 4, 1, 7] [6, 1, 5, 8, 3, 4, 1, 7]
652 текущий максимум дипломов


номер итерации 105
[6, 2, 5, 8, 3, 4, 1, 7] текущие скоры, которые дают максимальное число дипломов
[6, 2, 5, 8, 3, 4, 1, 7] [7, 2, 5, 8, 3, 4, 1, 7] [5, 2, 5, 8, 3, 4, 1, 7]
652 текущий максимум дипломов


номер итерации 106
[6, 2, 5, 8, 3, 4, 1, 7] текущие скоры, которые дают максимальное число дипломов
[6, 2, 5, 8, 3, 4, 1, 7] [6, 2, 5, 8, 4, 4, 1, 7] [6, 2, 5, 8, 2, 4, 1, 7]
652 текущий максимум дипломов


номер итерации 107
[6, 2, 5, 8, 3, 4, 1, 7] текущие скоры, которые дают максимальное число дипломов
[6, 2, 5, 8, 3, 4, 1, 7] [6, 2, 5, 8, 3, 4, 2, 7] [6, 2, 5, 8, 3, 4, 1, 7]
652 текущий максимум дипломов


номер итерации 108
[6, 2, 5, 8, 3, 4, 1, 7] текущие скоры, которые дают максимальное число дипломов
[6, 2, 5, 8, 3, 4, 1, 7] [6, 2, 6, 8, 3, 4, 1, 7] [6, 2, 4, 8, 3, 4, 1, 7]
652 текущий максимум дипломов


номер итерации 109
[6, 2, 5, 8, 3, 4, 1, 7] текущие скоры, которые дают максимальное число дипломов
[6, 2, 5, 8, 3, 4, 1, 7] [6, 2, 6, 8, 3, 4, 1, 7] [6, 2, 4, 8, 3, 4, 1, 7]
652 текущий максимум дипломов


номер итерации 110
[6, 2, 5, 8, 3, 4, 1, 7] текущие скоры, которые дают максимальное число дипломов
[6, 2, 5, 8, 3, 4, 1, 7] [6, 3, 5, 8, 3, 4, 1, 7] [6, 1, 5, 8, 3, 4, 1, 7]
652 текущий максимум дипломов


номер итерации 111
[6, 2, 5, 8, 3, 4, 1, 7] текущие скоры, которые дают максимальное число дипломов
[6, 2, 5, 8, 3, 4, 1, 7] [7, 2, 5, 8, 3, 4, 1, 7] [5, 2, 5, 8, 3, 4, 1, 7]
652 текущий максимум дипломов


номер итерации 112
[6, 2, 5, 8, 3, 4, 1, 7] текущие скоры, которые дают максимальное число дипломов
[6, 2, 5, 8, 3, 4, 1, 7] [6, 2, 5, 9, 3, 4, 1, 7] [6, 2, 5, 7, 3, 4, 1, 7]
652 текущий максимум дипломов


номер итерации 113
[6, 2, 5, 8, 3, 4, 1, 7] текущие скоры, которые дают максимальное число дипломов
[6, 2, 5, 8, 3, 4, 1, 7] [6, 2, 6, 8, 3, 4, 1, 7] [6, 2, 4, 8, 3, 4, 1, 7]
652 текущий максимум дипломов


номер итерации 114
[6, 2, 5, 8, 3, 4, 1, 7] текущие скоры, которые дают максимальное число дипломов
[6, 2, 5, 8, 3, 4, 1, 7] [6, 2, 5, 8, 3, 5, 1, 7] [6, 2, 5, 8, 3, 3, 1, 7]
652 текущий максимум дипломов


номер итерации 115
[6, 2, 5, 8, 3, 4, 1, 7] текущие скоры, которые дают максимальное число дипломов
[6, 2, 5, 8, 3, 4, 1, 7] [6, 3, 5, 8, 3, 4, 1, 7] [6, 1, 5, 8, 3, 4, 1, 7]
652 текущий максимум дипломов


номер итерации 116
[6, 2, 5, 8, 3, 4, 1, 7] текущие скоры, которые дают максимальное число дипломов
[6, 2, 5, 8, 3, 4, 1, 7] [6, 2, 5, 9, 3, 4, 1, 7] [6, 2, 5, 7, 3, 4, 1, 7]
652 текущий максимум дипломов


номер итерации 117
[6, 2, 5, 8, 3, 4, 1, 7] текущие скоры, которые дают максимальное число дипломов
[6, 2, 5, 8, 3, 4, 1, 7] [6, 2, 5, 9, 3, 4, 1, 7] [6, 2, 5, 7, 3, 4, 1, 7]
652 текущий максимум дипломов


номер итерации 118
[6, 2, 5, 8, 3, 4, 1, 7] текущие скоры, которые дают максимальное число дипломов
[6, 2, 5, 8, 3, 4, 1, 7] [6, 2, 5, 8, 3, 4, 1, 8] [6, 2, 5, 8, 3, 4, 1, 6]
652 текущий максимум дипломов


номер итерации 119
[6, 2, 5, 8, 3, 4, 1, 7] текущие скоры, которые дают максимальное число дипломов
[6, 2, 5, 8, 3, 4, 1, 7] [6, 2, 5, 8, 3, 4, 1, 8] [6, 2, 5, 8, 3, 4, 1, 6]
652 текущий максимум дипломов


номер итерации 120
[6, 2, 5, 8, 3, 4, 1, 7] текущие скоры, которые дают максимальное число дипломов
[6, 2, 5, 8, 3, 4, 1, 7] [6, 2, 7, 8, 3, 4, 1, 7] [6, 2, 4, 8, 3, 4, 1, 7]
652 текущий максимум дипломов


номер итерации 121
[6, 2, 5, 8, 3, 4, 1, 7] текущие скоры, которые дают максимальное число дипломов
[6, 2, 5, 8, 3, 4, 1, 7] [6, 2, 6, 8, 3, 4, 1, 7] [6, 2, 4, 8, 3, 4, 1, 7]
652 текущий максимум дипломов


номер итерации 122
[6, 2, 5, 8, 3, 4, 1, 7] текущие скоры, которые дают максимальное число дипломов
[6, 2, 5, 8, 3, 4, 1, 7] [7, 2, 5, 8, 3, 4, 1, 7] [5, 2, 5, 8, 3, 4, 1, 7]
652 текущий максимум дипломов


номер итерации 123
[6, 2, 5, 8, 3, 4, 1, 7] текущие скоры, которые дают максимальное число дипломов
[6, 2, 5, 8, 3, 4, 1, 7] [6, 2, 5, 8, 4, 4, 1, 7] [6, 2, 5, 8, 2, 4, 1, 7]
652 текущий максимум дипломов


номер итерации 124
[6, 2, 5, 8, 3, 4, 1, 7] текущие скоры, которые дают максимальное число дипломов
[6, 2, 5, 8, 3, 4, 1, 7] [6, 2, 7, 8, 3, 4, 1, 7] [6, 2, 4, 8, 3, 4, 1, 7]
652 текущий максимум дипломов


номер итерации 125
[6, 2, 5, 8, 3, 4, 1, 7] текущие скоры, которые дают максимальное число дипломов
[6, 2, 5, 8, 3, 4, 1, 7] [7, 2, 5, 8, 3, 4, 1, 7] [5, 2, 5, 8, 3, 4, 1, 7]
652 текущий максимум дипломов


номер итерации 126
[6, 2, 5, 8, 3, 4, 1, 7] текущие скоры, которые дают максимальное число дипломов
[6, 2, 5, 8, 3, 4, 1, 7] [6, 2, 5, 9, 3, 4, 1, 7] [6, 2, 5, 7, 3, 4, 1, 7]
652 текущий максимум дипломов


номер итерации 127
[6, 2, 5, 8, 3, 4, 1, 7] текущие скоры, которые дают максимальное число дипломов
[6, 2, 5, 8, 3, 4, 1, 7] [6, 2, 7, 8, 3, 4, 1, 7] [6, 2, 4, 8, 3, 4, 1, 7]
652 текущий максимум дипломов


номер итерации 128
[6, 2, 5, 8, 3, 4, 1, 7] текущие скоры, которые дают максимальное число дипломов
[6, 2, 5, 8, 3, 4, 1, 7] [6, 3, 5, 8, 3, 4, 1, 7] [6, 1, 5, 8, 3, 4, 1, 7]
652 текущий максимум дипломов


номер итерации 129
[6, 2, 5, 8, 3, 4, 1, 7] текущие скоры, которые дают максимальное число дипломов
[6, 2, 5, 8, 3, 4, 1, 7] [6, 2, 5, 9, 3, 4, 1, 7] [6, 2, 5, 7, 3, 4, 1, 7]
652 текущий максимум дипломов


номер итерации 130
[6, 2, 5, 8, 3, 4, 1, 7] текущие скоры, которые дают максимальное число дипломов
[6, 2, 5, 8, 3, 4, 1, 7] [6, 2, 6, 8, 3, 4, 1, 7] [6, 2, 4, 8, 3, 4, 1, 7]
652 текущий максимум дипломов


номер итерации 131
[6, 2, 5, 8, 3, 4, 1, 7] текущие скоры, которые дают максимальное число дипломов
[6, 2, 5, 8, 3, 4, 1, 7] [6, 2, 5, 8, 3, 5, 1, 7] [6, 2, 5, 8, 3, 3, 1, 7]
652 текущий максимум дипломов


номер итерации 132
[6, 2, 5, 8, 3, 4, 1, 7] текущие скоры, которые дают максимальное число дипломов
[6, 2, 5, 8, 3, 4, 1, 7] [6, 2, 5, 8, 4, 4, 1, 7] [6, 2, 5, 8, 2, 4, 1, 7]
652 текущий максимум дипломов


номер итерации 133
[6, 2, 5, 8, 3, 4, 1, 7] текущие скоры, которые дают максимальное число дипломов
[6, 2, 5, 8, 3, 4, 1, 7] [6, 2, 5, 8, 4, 4, 1, 7] [6, 2, 5, 8, 2, 4, 1, 7]
652 текущий максимум дипломов


номер итерации 134
[6, 2, 5, 8, 3, 4, 1, 7] текущие скоры, которые дают максимальное число дипломов
[6, 2, 5, 8, 3, 4, 1, 7] [6, 2, 5, 9, 3, 4, 1, 7] [6, 2, 5, 7, 3, 4, 1, 7]
652 текущий максимум дипломов


номер итерации 135
[6, 2, 5, 8, 3, 4, 1, 7] текущие скоры, которые дают максимальное число дипломов
[6, 2, 5, 8, 3, 4, 1, 7] [6, 2, 5, 8, 3, 4, 1, 10] [6, 2, 5, 8, 3, 4, 1, 6]
667 текущий максимум дипломов


номер итерации 136
[6, 2, 5, 8, 3, 4, 1, 10] текущие скоры, которые дают максимальное число дипломов
[6, 2, 5, 8, 3, 4, 1, 10] [6, 2, 5, 8, 4, 4, 1, 10] [6, 2, 5, 8, 2, 4, 1, 10]
667 текущий максимум дипломов


номер итерации 137
[6, 2, 5, 8, 3, 4, 1, 10] текущие скоры, которые дают максимальное число дипломов
[6, 2, 5, 8, 3, 4, 1, 10] [6, 3, 5, 8, 3, 4, 1, 10] [6, 1, 5, 8, 3, 4, 1, 10]
667 текущий максимум дипломов


номер итерации 138
[6, 2, 5, 8, 3, 4, 1, 10] текущие скоры, которые дают максимальное число дипломов
[6, 2, 5, 8, 3, 4, 1, 10] [6, 2, 5, 8, 4, 4, 1, 10] [6, 2, 5, 8, 2, 4, 1, 10]
667 текущий максимум дипломов


номер итерации 139
[6, 2, 5, 8, 3, 4, 1, 10] текущие скоры, которые дают максимальное число дипломов
[6, 2, 5, 8, 3, 4, 1, 10] [6, 3, 5, 8, 3, 4, 1, 10] [6, 1, 5, 8, 3, 4, 1, 10]
667 текущий максимум дипломов


номер итерации 140
[6, 2, 5, 8, 3, 4, 1, 10] текущие скоры, которые дают максимальное число дипломов
[6, 2, 5, 8, 3, 4, 1, 10] [6, 2, 6, 8, 3, 4, 1, 10] [6, 2, 4, 8, 3, 4, 1, 10]
667 текущий максимум дипломов


номер итерации 141
[6, 2, 5, 8, 3, 4, 1, 10] текущие скоры, которые дают максимальное число дипломов
[6, 2, 5, 8, 3, 4, 1, 10] [6, 2, 5, 8, 4, 4, 1, 10] [6, 2, 5, 8, 2, 4, 1, 10]
667 текущий максимум дипломов


номер итерации 142
[6, 2, 5, 8, 3, 4, 1, 10] текущие скоры, которые дают максимальное число дипломов
[6, 2, 5, 8, 3, 4, 1, 10] [6, 2, 5, 12, 3, 4, 1, 10] [6, 2, 5, 7, 3, 4, 1, 10]
667 текущий максимум дипломов


номер итерации 143
[6, 2, 5, 8, 3, 4, 1, 10] текущие скоры, которые дают максимальное число дипломов
[6, 2, 5, 8, 3, 4, 1, 10] [6, 2, 5, 8, 3, 5, 1, 10] [6, 2, 5, 8, 3, 3, 1, 10]
667 текущий максимум дипломов


номер итерации 144
[6, 2, 5, 8, 3, 4, 1, 10] текущие скоры, которые дают максимальное число дипломов
[6, 2, 5, 8, 3, 4, 1, 10] [6, 2, 5, 9, 3, 4, 1, 10] [6, 2, 5, 7, 3, 4, 1, 10]
667 текущий максимум дипломов


номер итерации 145
[6, 2, 5, 8, 3, 4, 1, 10] текущие скоры, которые дают максимальное число дипломов
[6, 2, 5, 8, 3, 4, 1, 10] [6, 2, 5, 8, 4, 4, 1, 10] [6, 2, 5, 8, 2, 4, 1, 10]
667 текущий максимум дипломов


номер итерации 146
[6, 2, 5, 8, 3, 4, 1, 10] текущие скоры, которые дают максимальное число дипломов
[6, 2, 5, 8, 3, 4, 1, 10] [6, 2, 5, 8, 3, 5, 1, 10] [6, 2, 5, 8, 3, 3, 1, 10]
667 текущий максимум дипломов


номер итерации 147
[6, 2, 5, 8, 3, 4, 1, 10] текущие скоры, которые дают максимальное число дипломов
[6, 2, 5, 8, 3, 4, 1, 10] [6, 2, 5, 8, 3, 4, 2, 10] [6, 2, 5, 8, 3, 4, 1, 10]
667 текущий максимум дипломов


номер итерации 148
[6, 2, 5, 8, 3, 4, 1, 10] текущие скоры, которые дают максимальное число дипломов
[6, 2, 5, 8, 3, 4, 1, 10] [6, 2, 5, 9, 3, 4, 1, 10] [6, 2, 5, 7, 3, 4, 1, 10]
667 текущий максимум дипломов


номер итерации 149
[6, 2, 5, 8, 3, 4, 1, 10] текущие скоры, которые дают максимальное число дипломов
[6, 2, 5, 8, 3, 4, 1, 10] [6, 2, 5, 8, 4, 4, 1, 10] [6, 2, 5, 8, 2, 4, 1, 10]
667 текущий максимум дипломов


номер итерации 150
[6, 2, 5, 8, 3, 4, 1, 10] текущие скоры, которые дают максимальное число дипломов
[6, 2, 5, 8, 3, 4, 1, 10] [7, 2, 5, 8, 3, 4, 1, 10] [5, 2, 5, 8, 3, 4, 1, 10]
667 текущий максимум дипломов


номер итерации 151
[6, 2, 5, 8, 3, 4, 1, 10] текущие скоры, которые дают максимальное число дипломов
[6, 2, 5, 8, 3, 4, 1, 10] [6, 2, 5, 9, 3, 4, 1, 10] [6, 2, 5, 7, 3, 4, 1, 10]
667 текущий максимум дипломов


номер итерации 152
[6, 2, 5, 8, 3, 4, 1, 10] текущие скоры, которые дают максимальное число дипломов
[6, 2, 5, 8, 3, 4, 1, 10] [6, 3, 5, 8, 3, 4, 1, 10] [6, 1, 5, 8, 3, 4, 1, 10]
667 текущий максимум дипломов


номер итерации 153
[6, 2, 5, 8, 3, 4, 1, 10] текущие скоры, которые дают максимальное число дипломов
[6, 2, 5, 8, 3, 4, 1, 10] [6, 2, 5, 8, 3, 4, 1, 11] [6, 2, 5, 8, 3, 4, 1, 9]
709 текущий максимум дипломов


номер итерации 154
[6, 2, 5, 8, 3, 4, 1, 9] текущие скоры, которые дают максимальное число дипломов
[6, 2, 5, 8, 3, 4, 1, 9] [6, 3, 5, 8, 3, 4, 1, 9] [6, 1, 5, 8, 3, 4, 1, 9]
709 текущий максимум дипломов


номер итерации 155
[6, 2, 5, 8, 3, 4, 1, 9] текущие скоры, которые дают максимальное число дипломов
[6, 2, 5, 8, 3, 4, 1, 9] [6, 3, 5, 8, 3, 4, 1, 9] [6, 1, 5, 8, 3, 4, 1, 9]
709 текущий максимум дипломов


номер итерации 156
[6, 2, 5, 8, 3, 4, 1, 9] текущие скоры, которые дают максимальное число дипломов
[6, 2, 5, 8, 3, 4, 1, 9] [6, 2, 5, 8, 3, 4, 2, 9] [6, 2, 5, 8, 3, 4, 1, 9]
709 текущий максимум дипломов


номер итерации 157
[6, 2, 5, 8, 3, 4, 1, 9] текущие скоры, которые дают максимальное число дипломов
[6, 2, 5, 8, 3, 4, 1, 9] [6, 2, 5, 8, 3, 4, 2, 9] [6, 2, 5, 8, 3, 4, 1, 9]
709 текущий максимум дипломов


номер итерации 158
[6, 2, 5, 8, 3, 4, 1, 9] текущие скоры, которые дают максимальное число дипломов
[6, 2, 5, 8, 3, 4, 1, 9] [7, 2, 5, 8, 3, 4, 1, 9] [5, 2, 5, 8, 3, 4, 1, 9]
709 текущий максимум дипломов


номер итерации 159
[6, 2, 5, 8, 3, 4, 1, 9] текущие скоры, которые дают максимальное число дипломов
[6, 2, 5, 8, 3, 4, 1, 9] [6, 3, 5, 8, 3, 4, 1, 9] [6, 1, 5, 8, 3, 4, 1, 9]
709 текущий максимум дипломов


номер итерации 160
[6, 2, 5, 8, 3, 4, 1, 9] текущие скоры, которые дают максимальное число дипломов
[6, 2, 5, 8, 3, 4, 1, 9] [7, 2, 5, 8, 3, 4, 1, 9] [5, 2, 5, 8, 3, 4, 1, 9]
709 текущий максимум дипломов


номер итерации 161
[6, 2, 5, 8, 3, 4, 1, 9] текущие скоры, которые дают максимальное число дипломов
[6, 2, 5, 8, 3, 4, 1, 9] [6, 2, 5, 9, 3, 4, 1, 9] [6, 2, 5, 7, 3, 4, 1, 9]
709 текущий максимум дипломов


номер итерации 162
[6, 2, 5, 8, 3, 4, 1, 9] текущие скоры, которые дают максимальное число дипломов
[6, 2, 5, 8, 3, 4, 1, 9] [6, 2, 7, 8, 3, 4, 1, 9] [6, 2, 4, 8, 3, 4, 1, 9]
709 текущий максимум дипломов


номер итерации 163
[6, 2, 5, 8, 3, 4, 1, 9] текущие скоры, которые дают максимальное число дипломов
[6, 2, 5, 8, 3, 4, 1, 9] [6, 2, 6, 8, 3, 4, 1, 9] [6, 2, 4, 8, 3, 4, 1, 9]
709 текущий максимум дипломов


номер итерации 164
[6, 2, 5, 8, 3, 4, 1, 9] текущие скоры, которые дают максимальное число дипломов
[6, 2, 5, 8, 3, 4, 1, 9] [6, 2, 5, 8, 3, 5, 1, 9] [6, 2, 5, 8, 3, 3, 1, 9]
709 текущий максимум дипломов


номер итерации 165
[6, 2, 5, 8, 3, 4, 1, 9] текущие скоры, которые дают максимальное число дипломов
[6, 2, 5, 8, 3, 4, 1, 9] [6, 2, 5, 12, 3, 4, 1, 9] [6, 2, 5, 7, 3, 4, 1, 9]
709 текущий максимум дипломов


номер итерации 166
[6, 2, 5, 8, 3, 4, 1, 9] текущие скоры, которые дают максимальное число дипломов
[6, 2, 5, 8, 3, 4, 1, 9] [6, 2, 5, 8, 3, 4, 2, 9] [6, 2, 5, 8, 3, 4, 1, 9]
709 текущий максимум дипломов


номер итерации 167
[6, 2, 5, 8, 3, 4, 1, 9] текущие скоры, которые дают максимальное число дипломов
[6, 2, 5, 8, 3, 4, 1, 9] [6, 2, 5, 8, 3, 5, 1, 9] [6, 2, 5, 8, 3, 3, 1, 9]
709 текущий максимум дипломов


номер итерации 168
[6, 2, 5, 8, 3, 4, 1, 9] текущие скоры, которые дают максимальное число дипломов
[6, 2, 5, 8, 3, 4, 1, 9] [6, 2, 5, 9, 3, 4, 1, 9] [6, 2, 5, 7, 3, 4, 1, 9]
709 текущий максимум дипломов


номер итерации 169
[6, 2, 5, 8, 3, 4, 1, 9] текущие скоры, которые дают максимальное число дипломов
[6, 2, 5, 8, 3, 4, 1, 9] [6, 2, 5, 8, 3, 5, 1, 9] [6, 2, 5, 8, 3, 3, 1, 9]
709 текущий максимум дипломов


номер итерации 170
[6, 2, 5, 8, 3, 4, 1, 9] текущие скоры, которые дают максимальное число дипломов
[6, 2, 5, 8, 3, 4, 1, 9] [6, 2, 5, 9, 3, 4, 1, 9] [6, 2, 5, 7, 3, 4, 1, 9]
709 текущий максимум дипломов


номер итерации 171
[6, 2, 5, 8, 3, 4, 1, 9] текущие скоры, которые дают максимальное число дипломов
[6, 2, 5, 8, 3, 4, 1, 9] [7, 2, 5, 8, 3, 4, 1, 9] [5, 2, 5, 8, 3, 4, 1, 9]
709 текущий максимум дипломов


номер итерации 172
[6, 2, 5, 8, 3, 4, 1, 9] текущие скоры, которые дают максимальное число дипломов
[6, 2, 5, 8, 3, 4, 1, 9] [6, 2, 5, 9, 3, 4, 1, 9] [6, 2, 5, 7, 3, 4, 1, 9]
709 текущий максимум дипломов


номер итерации 173
[6, 2, 5, 8, 3, 4, 1, 9] текущие скоры, которые дают максимальное число дипломов
[6, 2, 5, 8, 3, 4, 1, 9] [6, 2, 5, 8, 4, 4, 1, 9] [6, 2, 5, 8, 2, 4, 1, 9]
709 текущий максимум дипломов


номер итерации 174
[6, 2, 5, 8, 3, 4, 1, 9] текущие скоры, которые дают максимальное число дипломов
[6, 2, 5, 8, 3, 4, 1, 9] [6, 3, 5, 8, 3, 4, 1, 9] [6, 1, 5, 8, 3, 4, 1, 9]
709 текущий максимум дипломов


номер итерации 175
[6, 2, 5, 8, 3, 4, 1, 9] текущие скоры, которые дают максимальное число дипломов
[6, 2, 5, 8, 3, 4, 1, 9] [6, 3, 5, 8, 3, 4, 1, 9] [6, 1, 5, 8, 3, 4, 1, 9]
709 текущий максимум дипломов


номер итерации 176
[6, 2, 5, 8, 3, 4, 1, 9] текущие скоры, которые дают максимальное число дипломов
[6, 2, 5, 8, 3, 4, 1, 9] [7, 2, 5, 8, 3, 4, 1, 9] [5, 2, 5, 8, 3, 4, 1, 9]
709 текущий максимум дипломов


номер итерации 177
[6, 2, 5, 8, 3, 4, 1, 9] текущие скоры, которые дают максимальное число дипломов
[6, 2, 5, 8, 3, 4, 1, 9] [6, 2, 5, 8, 4, 4, 1, 9] [6, 2, 5, 8, 2, 4, 1, 9]
709 текущий максимум дипломов


номер итерации 178
[6, 2, 5, 8, 3, 4, 1, 9] текущие скоры, которые дают максимальное число дипломов
[6, 2, 5, 8, 3, 4, 1, 9] [6, 2, 5, 9, 3, 4, 1, 9] [6, 2, 5, 7, 3, 4, 1, 9]
709 текущий максимум дипломов


номер итерации 179
[6, 2, 5, 8, 3, 4, 1, 9] текущие скоры, которые дают максимальное число дипломов
[6, 2, 5, 8, 3, 4, 1, 9] [6, 2, 6, 8, 3, 4, 1, 9] [6, 2, 4, 8, 3, 4, 1, 9]
709 текущий максимум дипломов


номер итерации 180
[6, 2, 5, 8, 3, 4, 1, 9] текущие скоры, которые дают максимальное число дипломов
[6, 2, 5, 8, 3, 4, 1, 9] [6, 2, 5, 8, 3, 4, 1, 10] [6, 2, 5, 8, 3, 4, 1, 8]
709 текущий максимум дипломов


номер итерации 181
[6, 2, 5, 8, 3, 4, 1, 9] текущие скоры, которые дают максимальное число дипломов
[6, 2, 5, 8, 3, 4, 1, 9] [6, 2, 5, 8, 3, 4, 1, 10] [6, 2, 5, 8, 3, 4, 1, 8]
709 текущий максимум дипломов


номер итерации 182
[6, 2, 5, 8, 3, 4, 1, 9] текущие скоры, которые дают максимальное число дипломов
[6, 2, 5, 8, 3, 4, 1, 9] [6, 2, 5, 9, 3, 4, 1, 9] [6, 2, 5, 7, 3, 4, 1, 9]
709 текущий максимум дипломов


номер итерации 183
[6, 2, 5, 8, 3, 4, 1, 9] текущие скоры, которые дают максимальное число дипломов
[6, 2, 5, 8, 3, 4, 1, 9] [6, 2, 5, 8, 4, 4, 1, 9] [6, 2, 5, 8, 2, 4, 1, 9]
709 текущий максимум дипломов


номер итерации 184
[6, 2, 5, 8, 3, 4, 1, 9] текущие скоры, которые дают максимальное число дипломов
[6, 2, 5, 8, 3, 4, 1, 9] [6, 2, 5, 8, 3, 5, 1, 9] [6, 2, 5, 8, 3, 3, 1, 9]
709 текущий максимум дипломов


номер итерации 185
[6, 2, 5, 8, 3, 4, 1, 9] текущие скоры, которые дают максимальное число дипломов
[6, 2, 5, 8, 3, 4, 1, 9] [6, 3, 5, 8, 3, 4, 1, 9] [6, 1, 5, 8, 3, 4, 1, 9]
709 текущий максимум дипломов


номер итерации 186
[6, 2, 5, 8, 3, 4, 1, 9] текущие скоры, которые дают максимальное число дипломов
[6, 2, 5, 8, 3, 4, 1, 9] [6, 2, 5, 8, 4, 4, 1, 9] [6, 2, 5, 8, 2, 4, 1, 9]
709 текущий максимум дипломов


номер итерации 187
[6, 2, 5, 8, 3, 4, 1, 9] текущие скоры, которые дают максимальное число дипломов
[6, 2, 5, 8, 3, 4, 1, 9] [6, 2, 5, 8, 4, 4, 1, 9] [6, 2, 5, 8, 2, 4, 1, 9]
709 текущий максимум дипломов


номер итерации 188
[6, 2, 5, 8, 3, 4, 1, 9] текущие скоры, которые дают максимальное число дипломов
[6, 2, 5, 8, 3, 4, 1, 9] [6, 3, 5, 8, 3, 4, 1, 9] [6, 1, 5, 8, 3, 4, 1, 9]
709 текущий максимум дипломов


номер итерации 189
[6, 2, 5, 8, 3, 4, 1, 9] текущие скоры, которые дают максимальное число дипломов
[6, 2, 5, 8, 3, 4, 1, 9] [7, 2, 5, 8, 3, 4, 1, 9] [5, 2, 5, 8, 3, 4, 1, 9]
709 текущий максимум дипломов


номер итерации 190
[6, 2, 5, 8, 3, 4, 1, 9] текущие скоры, которые дают максимальное число дипломов
[6, 2, 5, 8, 3, 4, 1, 9] [6, 2, 5, 8, 4, 4, 1, 9] [6, 2, 5, 8, 2, 4, 1, 9]
709 текущий максимум дипломов


номер итерации 191
[6, 2, 5, 8, 3, 4, 1, 9] текущие скоры, которые дают максимальное число дипломов
[6, 2, 5, 8, 3, 4, 1, 9] [6, 3, 5, 8, 3, 4, 1, 9] [6, 1, 5, 8, 3, 4, 1, 9]
709 текущий максимум дипломов


номер итерации 192
[6, 2, 5, 8, 3, 4, 1, 9] текущие скоры, которые дают максимальное число дипломов
[6, 2, 5, 8, 3, 4, 1, 9] [6, 2, 5, 8, 4, 4, 1, 9] [6, 2, 5, 8, 2, 4, 1, 9]
709 текущий максимум дипломов


номер итерации 193
[6, 2, 5, 8, 3, 4, 1, 9] текущие скоры, которые дают максимальное число дипломов
[6, 2, 5, 8, 3, 4, 1, 9] [7, 2, 5, 8, 3, 4, 1, 9] [5, 2, 5, 8, 3, 4, 1, 9]
709 текущий максимум дипломов


номер итерации 194
[6, 2, 5, 8, 3, 4, 1, 9] текущие скоры, которые дают максимальное число дипломов
[6, 2, 5, 8, 3, 4, 1, 9] [7, 2, 5, 8, 3, 4, 1, 9] [5, 2, 5, 8, 3, 4, 1, 9]
709 текущий максимум дипломов


номер итерации 195
[6, 2, 5, 8, 3, 4, 1, 9] текущие скоры, которые дают максимальное число дипломов
[6, 2, 5, 8, 3, 4, 1, 9] [6, 2, 6, 8, 3, 4, 1, 9] [6, 2, 4, 8, 3, 4, 1, 9]
709 текущий максимум дипломов


номер итерации 196
[6, 2, 5, 8, 3, 4, 1, 9] текущие скоры, которые дают максимальное число дипломов
[6, 2, 5, 8, 3, 4, 1, 9] [6, 2, 5, 8, 3, 5, 1, 9] [6, 2, 5, 8, 3, 3, 1, 9]
709 текущий максимум дипломов


номер итерации 197
[6, 2, 5, 8, 3, 4, 1, 9] текущие скоры, которые дают максимальное число дипломов
[6, 2, 5, 8, 3, 4, 1, 9] [7, 2, 5, 8, 3, 4, 1, 9] [5, 2, 5, 8, 3, 4, 1, 9]
709 текущий максимум дипломов


номер итерации 198
[6, 2, 5, 8, 3, 4, 1, 9] текущие скоры, которые дают максимальное число дипломов
[6, 2, 5, 8, 3, 4, 1, 9] [6, 2, 5, 8, 3, 4, 1, 10] [6, 2, 5, 8, 3, 4, 1, 8]
709 текущий максимум дипломов


номер итерации 199
[6, 2, 5, 8, 3, 4, 1, 9] текущие скоры, которые дают максимальное число дипломов
[6, 2, 5, 8, 3, 4, 1, 9] [6, 2, 5, 8, 3, 4, 2, 9] [6, 2, 5, 8, 3, 4, 1, 9]
709 текущий максимум дипломов


номер итерации 200
[6, 2, 5, 8, 3, 4, 1, 9] текущие скоры, которые дают максимальное число дипломов
[6, 2, 5, 8, 3, 4, 1, 9] [6, 2, 5, 9, 3, 4, 1, 9] [6, 2, 5, 7, 3, 4, 1, 9]
709 текущий максимум дипломов


номер итерации 201
[6, 2, 5, 8, 3, 4, 1, 9] текущие скоры, которые дают максимальное число дипломов
[6, 2, 5, 8, 3, 4, 1, 9] [6, 2, 5, 8, 3, 4, 2, 9] [6, 2, 5, 8, 3, 4, 1, 9]
709 текущий максимум дипломов


номер итерации 202
[6, 2, 5, 8, 3, 4, 1, 9] текущие скоры, которые дают максимальное число дипломов
[6, 2, 5, 8, 3, 4, 1, 9] [6, 2, 5, 8, 3, 5, 1, 9] [6, 2, 5, 8, 3, 3, 1, 9]
709 текущий максимум дипломов


номер итерации 203
[6, 2, 5, 8, 3, 4, 1, 9] текущие скоры, которые дают максимальное число дипломов
[6, 2, 5, 8, 3, 4, 1, 9] [6, 2, 5, 8, 3, 6, 1, 9] [6, 2, 5, 8, 3, 3, 1, 9]
709 текущий максимум дипломов


номер итерации 204
[6, 2, 5, 8, 3, 4, 1, 9] текущие скоры, которые дают максимальное число дипломов
[6, 2, 5, 8, 3, 4, 1, 9] [7, 2, 5, 8, 3, 4, 1, 9] [5, 2, 5, 8, 3, 4, 1, 9]
709 текущий максимум дипломов


номер итерации 205
[6, 2, 5, 8, 3, 4, 1, 9] текущие скоры, которые дают максимальное число дипломов
[6, 2, 5, 8, 3, 4, 1, 9] [6, 2, 5, 8, 3, 4, 2, 9] [6, 2, 5, 8, 3, 4, 1, 9]
709 текущий максимум дипломов


номер итерации 206
[6, 2, 5, 8, 3, 4, 1, 9] текущие скоры, которые дают максимальное число дипломов
[6, 2, 5, 8, 3, 4, 1, 9] [9, 2, 5, 8, 3, 4, 1, 9] [5, 2, 5, 8, 3, 4, 1, 9]
709 текущий максимум дипломов


номер итерации 207
[6, 2, 5, 8, 3, 4, 1, 9] текущие скоры, которые дают максимальное число дипломов
[6, 2, 5, 8, 3, 4, 1, 9] [6, 3, 5, 8, 3, 4, 1, 9] [6, 1, 5, 8, 3, 4, 1, 9]
709 текущий максимум дипломов


номер итерации 208
[6, 2, 5, 8, 3, 4, 1, 9] текущие скоры, которые дают максимальное число дипломов
[6, 2, 5, 8, 3, 4, 1, 9] [6, 2, 5, 9, 3, 4, 1, 9] [6, 2, 5, 7, 3, 4, 1, 9]
709 текущий максимум дипломов


номер итерации 209
[6, 2, 5, 8, 3, 4, 1, 9] текущие скоры, которые дают максимальное число дипломов
[6, 2, 5, 8, 3, 4, 1, 9] [6, 2, 5, 8, 3, 5, 1, 9] [6, 2, 5, 8, 3, 3, 1, 9]
709 текущий максимум дипломов


номер итерации 210
[6, 2, 5, 8, 3, 4, 1, 9] текущие скоры, которые дают максимальное число дипломов
[6, 2, 5, 8, 3, 4, 1, 9] [6, 2, 5, 8, 4, 4, 1, 9] [6, 2, 5, 8, 2, 4, 1, 9]
709 текущий максимум дипломов


номер итерации 211
[6, 2, 5, 8, 3, 4, 1, 9] текущие скоры, которые дают максимальное число дипломов
[6, 2, 5, 8, 3, 4, 1, 9] [6, 2, 5, 8, 3, 5, 1, 9] [6, 2, 5, 8, 3, 3, 1, 9]
709 текущий максимум дипломов


номер итерации 212
[6, 2, 5, 8, 3, 4, 1, 9] текущие скоры, которые дают максимальное число дипломов
[6, 2, 5, 8, 3, 4, 1, 9] [6, 2, 5, 8, 4, 4, 1, 9] [6, 2, 5, 8, 2, 4, 1, 9]
709 текущий максимум дипломов


номер итерации 213
[6, 2, 5, 8, 3, 4, 1, 9] текущие скоры, которые дают максимальное число дипломов
[6, 2, 5, 8, 3, 4, 1, 9] [7, 2, 5, 8, 3, 4, 1, 9] [5, 2, 5, 8, 3, 4, 1, 9]
709 текущий максимум дипломов


номер итерации 214
[6, 2, 5, 8, 3, 4, 1, 9] текущие скоры, которые дают максимальное число дипломов
[6, 2, 5, 8, 3, 4, 1, 9] [6, 2, 5, 8, 3, 4, 1, 10] [6, 2, 5, 8, 3, 4, 1, 8]
709 текущий максимум дипломов


номер итерации 215
[6, 2, 5, 8, 3, 4, 1, 9] текущие скоры, которые дают максимальное число дипломов
[6, 2, 5, 8, 3, 4, 1, 9] [6, 2, 5, 8, 3, 4, 2, 9] [6, 2, 5, 8, 3, 4, 1, 9]
709 текущий максимум дипломов


номер итерации 216
[6, 2, 5, 8, 3, 4, 1, 9] текущие скоры, которые дают максимальное число дипломов
[6, 2, 5, 8, 3, 4, 1, 9] [6, 2, 5, 8, 3, 4, 1, 13] [6, 2, 5, 8, 3, 4, 1, 8]
709 текущий максимум дипломов


номер итерации 217
[6, 2, 5, 8, 3, 4, 1, 9] текущие скоры, которые дают максимальное число дипломов
[6, 2, 5, 8, 3, 4, 1, 9] [6, 2, 5, 8, 3, 4, 1, 10] [6, 2, 5, 8, 3, 4, 1, 8]
709 текущий максимум дипломов


номер итерации 218
[6, 2, 5, 8, 3, 4, 1, 9] текущие скоры, которые дают максимальное число дипломов
[6, 2, 5, 8, 3, 4, 1, 9] [6, 2, 6, 8, 3, 4, 1, 9] [6, 2, 4, 8, 3, 4, 1, 9]
709 текущий максимум дипломов


номер итерации 219
[6, 2, 5, 8, 3, 4, 1, 9] текущие скоры, которые дают максимальное число дипломов
[6, 2, 5, 8, 3, 4, 1, 9] [7, 2, 5, 8, 3, 4, 1, 9] [5, 2, 5, 8, 3, 4, 1, 9]
709 текущий максимум дипломов


номер итерации 220
[6, 2, 5, 8, 3, 4, 1, 9] текущие скоры, которые дают максимальное число дипломов
[6, 2, 5, 8, 3, 4, 1, 9] [6, 2, 5, 8, 3, 5, 1, 9] [6, 2, 5, 8, 3, 3, 1, 9]
709 текущий максимум дипломов


номер итерации 221
[6, 2, 5, 8, 3, 4, 1, 9] текущие скоры, которые дают максимальное число дипломов
[6, 2, 5, 8, 3, 4, 1, 9] [6, 2, 5, 8, 4, 4, 1, 9] [6, 2, 5, 8, 2, 4, 1, 9]
709 текущий максимум дипломов


номер итерации 222
[6, 2, 5, 8, 3, 4, 1, 9] текущие скоры, которые дают максимальное число дипломов
[6, 2, 5, 8, 3, 4, 1, 9] [6, 2, 5, 8, 3, 5, 1, 9] [6, 2, 5, 8, 3, 3, 1, 9]
709 текущий максимум дипломов


номер итерации 223
[6, 2, 5, 8, 3, 4, 1, 9] текущие скоры, которые дают максимальное число дипломов
[6, 2, 5, 8, 3, 4, 1, 9] [6, 2, 5, 8, 3, 4, 2, 9] [6, 2, 5, 8, 3, 4, 1, 9]
709 текущий максимум дипломов


номер итерации 224
[6, 2, 5, 8, 3, 4, 1, 9] текущие скоры, которые дают максимальное число дипломов
[6, 2, 5, 8, 3, 4, 1, 9] [6, 2, 5, 8, 3, 4, 1, 10] [6, 2, 5, 8, 3, 4, 1, 8]
709 текущий максимум дипломов


номер итерации 225
[6, 2, 5, 8, 3, 4, 1, 9] текущие скоры, которые дают максимальное число дипломов
[6, 2, 5, 8, 3, 4, 1, 9] [6, 2, 5, 8, 3, 4, 2, 9] [6, 2, 5, 8, 3, 4, 1, 9]
709 текущий максимум дипломов


номер итерации 226
[6, 2, 5, 8, 3, 4, 1, 9] текущие скоры, которые дают максимальное число дипломов
[6, 2, 5, 8, 3, 4, 1, 9] [6, 2, 5, 8, 3, 4, 1, 10] [6, 2, 5, 8, 3, 4, 1, 8]
709 текущий максимум дипломов


номер итерации 227
[6, 2, 5, 8, 3, 4, 1, 9] текущие скоры, которые дают максимальное число дипломов
[6, 2, 5, 8, 3, 4, 1, 9] [6, 2, 5, 9, 3, 4, 1, 9] [6, 2, 5, 7, 3, 4, 1, 9]
709 текущий максимум дипломов


номер итерации 228
[6, 2, 5, 8, 3, 4, 1, 9] текущие скоры, которые дают максимальное число дипломов
[6, 2, 5, 8, 3, 4, 1, 9] [6, 3, 5, 8, 3, 4, 1, 9] [6, 1, 5, 8, 3, 4, 1, 9]
709 текущий максимум дипломов


номер итерации 229
[6, 2, 5, 8, 3, 4, 1, 9] текущие скоры, которые дают максимальное число дипломов
[6, 2, 5, 8, 3, 4, 1, 9] [7, 2, 5, 8, 3, 4, 1, 9] [5, 2, 5, 8, 3, 4, 1, 9]
709 текущий максимум дипломов


номер итерации 230
[6, 2, 5, 8, 3, 4, 1, 9] текущие скоры, которые дают максимальное число дипломов
[6, 2, 5, 8, 3, 4, 1, 9] [7, 2, 5, 8, 3, 4, 1, 9] [5, 2, 5, 8, 3, 4, 1, 9]
709 текущий максимум дипломов


номер итерации 231
[6, 2, 5, 8, 3, 4, 1, 9] текущие скоры, которые дают максимальное число дипломов
[6, 2, 5, 8, 3, 4, 1, 9] [6, 3, 5, 8, 3, 4, 1, 9] [6, 1, 5, 8, 3, 4, 1, 9]
709 текущий максимум дипломов


номер итерации 232
[6, 2, 5, 8, 3, 4, 1, 9] текущие скоры, которые дают максимальное число дипломов
[6, 2, 5, 8, 3, 4, 1, 9] [6, 2, 5, 8, 3, 4, 1, 10] [6, 2, 5, 8, 3, 4, 1, 8]
709 текущий максимум дипломов


номер итерации 233
[6, 2, 5, 8, 3, 4, 1, 9] текущие скоры, которые дают максимальное число дипломов
[6, 2, 5, 8, 3, 4, 1, 9] [6, 3, 5, 8, 3, 4, 1, 9] [6, 1, 5, 8, 3, 4, 1, 9]
709 текущий максимум дипломов


номер итерации 234
[6, 2, 5, 8, 3, 4, 1, 9] текущие скоры, которые дают максимальное число дипломов
[6, 2, 5, 8, 3, 4, 1, 9] [6, 2, 5, 8, 3, 4, 1, 10] [6, 2, 5, 8, 3, 4, 1, 8]
709 текущий максимум дипломов


номер итерации 235
[6, 2, 5, 8, 3, 4, 1, 9] текущие скоры, которые дают максимальное число дипломов
[6, 2, 5, 8, 3, 4, 1, 9] [6, 2, 5, 9, 3, 4, 1, 9] [6, 2, 5, 7, 3, 4, 1, 9]
709 текущий максимум дипломов


номер итерации 236
[6, 2, 5, 8, 3, 4, 1, 9] текущие скоры, которые дают максимальное число дипломов
[6, 2, 5, 8, 3, 4, 1, 9] [6, 2, 5, 9, 3, 4, 1, 9] [6, 2, 5, 7, 3, 4, 1, 9]
709 текущий максимум дипломов


номер итерации 237
[6, 2, 5, 8, 3, 4, 1, 9] текущие скоры, которые дают максимальное число дипломов
[6, 2, 5, 8, 3, 4, 1, 9] [6, 2, 6, 8, 3, 4, 1, 9] [6, 2, 4, 8, 3, 4, 1, 9]
709 текущий максимум дипломов


номер итерации 238
[6, 2, 5, 8, 3, 4, 1, 9] текущие скоры, которые дают максимальное число дипломов
[6, 2, 5, 8, 3, 4, 1, 9] [6, 2, 6, 8, 3, 4, 1, 9] [6, 2, 4, 8, 3, 4, 1, 9]
709 текущий максимум дипломов


номер итерации 239
[6, 2, 5, 8, 3, 4, 1, 9] текущие скоры, которые дают максимальное число дипломов
[6, 2, 5, 8, 3, 4, 1, 9] [6, 2, 5, 8, 3, 5, 1, 9] [6, 2, 5, 8, 3, 3, 1, 9]
709 текущий максимум дипломов


номер итерации 240
[6, 2, 5, 8, 3, 4, 1, 9] текущие скоры, которые дают максимальное число дипломов
[6, 2, 5, 8, 3, 4, 1, 9] [6, 2, 5, 8, 3, 4, 2, 9] [6, 2, 5, 8, 3, 4, 1, 9]
709 текущий максимум дипломов


номер итерации 241
[6, 2, 5, 8, 3, 4, 1, 9] текущие скоры, которые дают максимальное число дипломов
[6, 2, 5, 8, 3, 4, 1, 9] [6, 2, 6, 8, 3, 4, 1, 9] [6, 2, 4, 8, 3, 4, 1, 9]
709 текущий максимум дипломов


номер итерации 242
[6, 2, 5, 8, 3, 4, 1, 9] текущие скоры, которые дают максимальное число дипломов
[6, 2, 5, 8, 3, 4, 1, 9] [7, 2, 5, 8, 3, 4, 1, 9] [5, 2, 5, 8, 3, 4, 1, 9]
709 текущий максимум дипломов


номер итерации 243
[6, 2, 5, 8, 3, 4, 1, 9] текущие скоры, которые дают максимальное число дипломов
[6, 2, 5, 8, 3, 4, 1, 9] [6, 2, 5, 12, 3, 4, 1, 9] [6, 2, 5, 7, 3, 4, 1, 9]
709 текущий максимум дипломов


номер итерации 244
[6, 2, 5, 8, 3, 4, 1, 9] текущие скоры, которые дают максимальное число дипломов
[6, 2, 5, 8, 3, 4, 1, 9] [6, 2, 5, 8, 3, 5, 1, 9] [6, 2, 5, 8, 3, 3, 1, 9]
709 текущий максимум дипломов


номер итерации 245
[6, 2, 5, 8, 3, 4, 1, 9] текущие скоры, которые дают максимальное число дипломов
[6, 2, 5, 8, 3, 4, 1, 9] [6, 2, 5, 8, 4, 4, 1, 9] [6, 2, 5, 8, 2, 4, 1, 9]
709 текущий максимум дипломов


номер итерации 246
[6, 2, 5, 8, 3, 4, 1, 9] текущие скоры, которые дают максимальное число дипломов
[6, 2, 5, 8, 3, 4, 1, 9] [7, 2, 5, 8, 3, 4, 1, 9] [5, 2, 5, 8, 3, 4, 1, 9]
709 текущий максимум дипломов


номер итерации 247
[6, 2, 5, 8, 3, 4, 1, 9] текущие скоры, которые дают максимальное число дипломов
[6, 2, 5, 8, 3, 4, 1, 9] [6, 2, 5, 8, 3, 4, 2, 9] [6, 2, 5, 8, 3, 4, 1, 9]
709 текущий максимум дипломов


номер итерации 248
[6, 2, 5, 8, 3, 4, 1, 9] текущие скоры, которые дают максимальное число дипломов
[6, 2, 5, 8, 3, 4, 1, 9] [6, 2, 5, 8, 3, 5, 1, 9] [6, 2, 5, 8, 3, 3, 1, 9]
709 текущий максимум дипломов


номер итерации 249
[6, 2, 5, 8, 3, 4, 1, 9] текущие скоры, которые дают максимальное число дипломов
[6, 2, 5, 8, 3, 4, 1, 9] [7, 2, 5, 8, 3, 4, 1, 9] [5, 2, 5, 8, 3, 4, 1, 9]
709 текущий максимум дипломов


номер итерации 250
[6, 2, 5, 8, 3, 4, 1, 9] текущие скоры, которые дают максимальное число дипломов
[6, 2, 5, 8, 3, 4, 1, 9] [6, 2, 5, 9, 3, 4, 1, 9] [6, 2, 5, 7, 3, 4, 1, 9]
709 текущий максимум дипломов


номер итерации 251
[6, 2, 5, 8, 3, 4, 1, 9] текущие скоры, которые дают максимальное число дипломов
[6, 2, 5, 8, 3, 4, 1, 9] [6, 2, 5, 8, 3, 4, 1, 10] [6, 2, 5, 8, 3, 4, 1, 8]
709 текущий максимум дипломов


номер итерации 252
[6, 2, 5, 8, 3, 4, 1, 9] текущие скоры, которые дают максимальное число дипломов
[6, 2, 5, 8, 3, 4, 1, 9] [7, 2, 5, 8, 3, 4, 1, 9] [5, 2, 5, 8, 3, 4, 1, 9]
709 текущий максимум дипломов


номер итерации 253
[6, 2, 5, 8, 3, 4, 1, 9] текущие скоры, которые дают максимальное число дипломов
[6, 2, 5, 8, 3, 4, 1, 9] [6, 2, 5, 8, 3, 5, 1, 9] [6, 2, 5, 8, 3, 3, 1, 9]
709 текущий максимум дипломов


номер итерации 254
[6, 2, 5, 8, 3, 4, 1, 9] текущие скоры, которые дают максимальное число дипломов
[6, 2, 5, 8, 3, 4, 1, 9] [6, 2, 5, 9, 3, 4, 1, 9] [6, 2, 5, 7, 3, 4, 1, 9]
709 текущий максимум дипломов


номер итерации 255
[6, 2, 5, 8, 3, 4, 1, 9] текущие скоры, которые дают максимальное число дипломов
[6, 2, 5, 8, 3, 4, 1, 9] [6, 3, 5, 8, 3, 4, 1, 9] [6, 1, 5, 8, 3, 4, 1, 9]
709 текущий максимум дипломов


номер итерации 256
[6, 2, 5, 8, 3, 4, 1, 9] текущие скоры, которые дают максимальное число дипломов
[6, 2, 5, 8, 3, 4, 1, 9] [7, 2, 5, 8, 3, 4, 1, 9] [5, 2, 5, 8, 3, 4, 1, 9]
709 текущий максимум дипломов


номер итерации 257
[6, 2, 5, 8, 3, 4, 1, 9] текущие скоры, которые дают максимальное число дипломов
[6, 2, 5, 8, 3, 4, 1, 9] [6, 2, 6, 8, 3, 4, 1, 9] [6, 2, 4, 8, 3, 4, 1, 9]
709 текущий максимум дипломов


номер итерации 258
[6, 2, 5, 8, 3, 4, 1, 9] текущие скоры, которые дают максимальное число дипломов
[6, 2, 5, 8, 3, 4, 1, 9] [7, 2, 5, 8, 3, 4, 1, 9] [5, 2, 5, 8, 3, 4, 1, 9]
709 текущий максимум дипломов


номер итерации 259
[6, 2, 5, 8, 3, 4, 1, 9] текущие скоры, которые дают максимальное число дипломов
[6, 2, 5, 8, 3, 4, 1, 9] [6, 2, 5, 8, 3, 5, 1, 9] [6, 2, 5, 8, 3, 3, 1, 9]
709 текущий максимум дипломов


номер итерации 260
[6, 2, 5, 8, 3, 4, 1, 9] текущие скоры, которые дают максимальное число дипломов
[6, 2, 5, 8, 3, 4, 1, 9] [7, 2, 5, 8, 3, 4, 1, 9] [5, 2, 5, 8, 3, 4, 1, 9]
709 текущий максимум дипломов


номер итерации 261
[6, 2, 5, 8, 3, 4, 1, 9] текущие скоры, которые дают максимальное число дипломов
[6, 2, 5, 8, 3, 4, 1, 9] [6, 2, 5, 8, 3, 4, 1, 10] [6, 2, 5, 8, 3, 4, 1, 8]
709 текущий максимум дипломов


номер итерации 262
[6, 2, 5, 8, 3, 4, 1, 9] текущие скоры, которые дают максимальное число дипломов
[6, 2, 5, 8, 3, 4, 1, 9] [6, 2, 6, 8, 3, 4, 1, 9] [6, 2, 4, 8, 3, 4, 1, 9]
709 текущий максимум дипломов


номер итерации 263
[6, 2, 5, 8, 3, 4, 1, 9] текущие скоры, которые дают максимальное число дипломов
[6, 2, 5, 8, 3, 4, 1, 9] [6, 2, 5, 8, 4, 4, 1, 9] [6, 2, 5, 8, 2, 4, 1, 9]
709 текущий максимум дипломов


номер итерации 264
[6, 2, 5, 8, 3, 4, 1, 9] текущие скоры, которые дают максимальное число дипломов
[6, 2, 5, 8, 3, 4, 1, 9] [6, 2, 5, 8, 3, 4, 1, 10] [6, 2, 5, 8, 3, 4, 1, 8]
709 текущий максимум дипломов


номер итерации 265
[6, 2, 5, 8, 3, 4, 1, 9] текущие скоры, которые дают максимальное число дипломов
[6, 2, 5, 8, 3, 4, 1, 9] [6, 2, 5, 8, 3, 4, 1, 10] [6, 2, 5, 8, 3, 4, 1, 8]
709 текущий максимум дипломов


номер итерации 266
[6, 2, 5, 8, 3, 4, 1, 9] текущие скоры, которые дают максимальное число дипломов
[6, 2, 5, 8, 3, 4, 1, 9] [7, 2, 5, 8, 3, 4, 1, 9] [5, 2, 5, 8, 3, 4, 1, 9]
709 текущий максимум дипломов


номер итерации 267
[6, 2, 5, 8, 3, 4, 1, 9] текущие скоры, которые дают максимальное число дипломов
[6, 2, 5, 8, 3, 4, 1, 9] [6, 2, 5, 9, 3, 4, 1, 9] [6, 2, 5, 7, 3, 4, 1, 9]
709 текущий максимум дипломов


номер итерации 268
[6, 2, 5, 8, 3, 4, 1, 9] текущие скоры, которые дают максимальное число дипломов
[6, 2, 5, 8, 3, 4, 1, 9] [6, 2, 5, 9, 3, 4, 1, 9] [6, 2, 5, 7, 3, 4, 1, 9]
709 текущий максимум дипломов


номер итерации 269
[6, 2, 5, 8, 3, 4, 1, 9] текущие скоры, которые дают максимальное число дипломов
[6, 2, 5, 8, 3, 4, 1, 9] [6, 2, 6, 8, 3, 4, 1, 9] [6, 2, 4, 8, 3, 4, 1, 9]
709 текущий максимум дипломов


номер итерации 270
[6, 2, 5, 8, 3, 4, 1, 9] текущие скоры, которые дают максимальное число дипломов
[6, 2, 5, 8, 3, 4, 1, 9] [6, 2, 5, 8, 4, 4, 1, 9] [6, 2, 5, 8, 2, 4, 1, 9]
709 текущий максимум дипломов


номер итерации 271
[6, 2, 5, 8, 3, 4, 1, 9] текущие скоры, которые дают максимальное число дипломов
[6, 2, 5, 8, 3, 4, 1, 9] [6, 2, 5, 8, 3, 4, 1, 10] [6, 2, 5, 8, 3, 4, 1, 8]
709 текущий максимум дипломов


номер итерации 272
[6, 2, 5, 8, 3, 4, 1, 9] текущие скоры, которые дают максимальное число дипломов
[6, 2, 5, 8, 3, 4, 1, 9] [6, 3, 5, 8, 3, 4, 1, 9] [6, 1, 5, 8, 3, 4, 1, 9]
709 текущий максимум дипломов


номер итерации 273
[6, 2, 5, 8, 3, 4, 1, 9] текущие скоры, которые дают максимальное число дипломов
[6, 2, 5, 8, 3, 4, 1, 9] [6, 2, 5, 8, 3, 5, 1, 9] [6, 2, 5, 8, 3, 3, 1, 9]
709 текущий максимум дипломов


номер итерации 274
[6, 2, 5, 8, 3, 4, 1, 9] текущие скоры, которые дают максимальное число дипломов
[6, 2, 5, 8, 3, 4, 1, 9] [6, 2, 6, 8, 3, 4, 1, 9] [6, 2, 4, 8, 3, 4, 1, 9]
709 текущий максимум дипломов


номер итерации 275
[6, 2, 5, 8, 3, 4, 1, 9] текущие скоры, которые дают максимальное число дипломов
[6, 2, 5, 8, 3, 4, 1, 9] [6, 2, 5, 8, 3, 4, 1, 10] [6, 2, 5, 8, 3, 4, 1, 8]
709 текущий максимум дипломов


номер итерации 276
[6, 2, 5, 8, 3, 4, 1, 9] текущие скоры, которые дают максимальное число дипломов
[6, 2, 5, 8, 3, 4, 1, 9] [6, 2, 5, 8, 3, 4, 2, 9] [6, 2, 5, 8, 3, 4, 1, 9]
709 текущий максимум дипломов


номер итерации 277
[6, 2, 5, 8, 3, 4, 1, 9] текущие скоры, которые дают максимальное число дипломов
[6, 2, 5, 8, 3, 4, 1, 9] [7, 2, 5, 8, 3, 4, 1, 9] [5, 2, 5, 8, 3, 4, 1, 9]
709 текущий максимум дипломов


номер итерации 278
[6, 2, 5, 8, 3, 4, 1, 9] текущие скоры, которые дают максимальное число дипломов
[6, 2, 5, 8, 3, 4, 1, 9] [6, 3, 5, 8, 3, 4, 1, 9] [6, 1, 5, 8, 3, 4, 1, 9]
709 текущий максимум дипломов


номер итерации 279
[6, 2, 5, 8, 3, 4, 1, 9] текущие скоры, которые дают максимальное число дипломов
[6, 2, 5, 8, 3, 4, 1, 9] [6, 2, 5, 8, 3, 6, 1, 9] [6, 2, 5, 8, 3, 3, 1, 9]
709 текущий максимум дипломов


номер итерации 280
[6, 2, 5, 8, 3, 4, 1, 9] текущие скоры, которые дают максимальное число дипломов
[6, 2, 5, 8, 3, 4, 1, 9] [6, 2, 5, 8, 3, 5, 1, 9] [6, 2, 5, 8, 3, 3, 1, 9]
709 текущий максимум дипломов


номер итерации 281
[6, 2, 5, 8, 3, 4, 1, 9] текущие скоры, которые дают максимальное число дипломов
[6, 2, 5, 8, 3, 4, 1, 9] [6, 3, 5, 8, 3, 4, 1, 9] [6, 1, 5, 8, 3, 4, 1, 9]
709 текущий максимум дипломов


номер итерации 282
[6, 2, 5, 8, 3, 4, 1, 9] текущие скоры, которые дают максимальное число дипломов
[6, 2, 5, 8, 3, 4, 1, 9] [6, 3, 5, 8, 3, 4, 1, 9] [6, 1, 5, 8, 3, 4, 1, 9]
709 текущий максимум дипломов


номер итерации 283
[6, 2, 5, 8, 3, 4, 1, 9] текущие скоры, которые дают максимальное число дипломов
[6, 2, 5, 8, 3, 4, 1, 9] [6, 2, 6, 8, 3, 4, 1, 9] [6, 2, 4, 8, 3, 4, 1, 9]
709 текущий максимум дипломов


номер итерации 284
[6, 2, 5, 8, 3, 4, 1, 9] текущие скоры, которые дают максимальное число дипломов
[6, 2, 5, 8, 3, 4, 1, 9] [6, 2, 5, 8, 3, 6, 1, 9] [6, 2, 5, 8, 3, 3, 1, 9]
709 текущий максимум дипломов


номер итерации 285
[6, 2, 5, 8, 3, 4, 1, 9] текущие скоры, которые дают максимальное число дипломов
[6, 2, 5, 8, 3, 4, 1, 9] [6, 2, 5, 8, 4, 4, 1, 9] [6, 2, 5, 8, 2, 4, 1, 9]
709 текущий максимум дипломов


номер итерации 286
[6, 2, 5, 8, 3, 4, 1, 9] текущие скоры, которые дают максимальное число дипломов
[6, 2, 5, 8, 3, 4, 1, 9] [6, 2, 5, 8, 3, 5, 1, 9] [6, 2, 5, 8, 3, 3, 1, 9]
709 текущий максимум дипломов


номер итерации 287
[6, 2, 5, 8, 3, 4, 1, 9] текущие скоры, которые дают максимальное число дипломов
[6, 2, 5, 8, 3, 4, 1, 9] [6, 2, 5, 8, 3, 4, 1, 13] [6, 2, 5, 8, 3, 4, 1, 8]
709 текущий максимум дипломов


номер итерации 288
[6, 2, 5, 8, 3, 4, 1, 9] текущие скоры, которые дают максимальное число дипломов
[6, 2, 5, 8, 3, 4, 1, 9] [6, 2, 5, 8, 3, 4, 2, 9] [6, 2, 5, 8, 3, 4, 1, 9]
709 текущий максимум дипломов


номер итерации 289
[6, 2, 5, 8, 3, 4, 1, 9] текущие скоры, которые дают максимальное число дипломов
[6, 2, 5, 8, 3, 4, 1, 9] [7, 2, 5, 8, 3, 4, 1, 9] [5, 2, 5, 8, 3, 4, 1, 9]
709 текущий максимум дипломов


номер итерации 290
[6, 2, 5, 8, 3, 4, 1, 9] текущие скоры, которые дают максимальное число дипломов
[6, 2, 5, 8, 3, 4, 1, 9] [6, 3, 5, 8, 3, 4, 1, 9] [6, 1, 5, 8, 3, 4, 1, 9]
709 текущий максимум дипломов


номер итерации 291
[6, 2, 5, 8, 3, 4, 1, 9] текущие скоры, которые дают максимальное число дипломов
[6, 2, 5, 8, 3, 4, 1, 9] [6, 2, 5, 8, 3, 5, 1, 9] [6, 2, 5, 8, 3, 3, 1, 9]
709 текущий максимум дипломов


номер итерации 292
[6, 2, 5, 8, 3, 4, 1, 9] текущие скоры, которые дают максимальное число дипломов
[6, 2, 5, 8, 3, 4, 1, 9] [6, 2, 5, 9, 3, 4, 1, 9] [6, 2, 5, 7, 3, 4, 1, 9]
709 текущий максимум дипломов


номер итерации 293
[6, 2, 5, 8, 3, 4, 1, 9] текущие скоры, которые дают максимальное число дипломов
[6, 2, 5, 8, 3, 4, 1, 9] [6, 2, 5, 8, 4, 4, 1, 9] [6, 2, 5, 8, 2, 4, 1, 9]
709 текущий максимум дипломов


номер итерации 294
[6, 2, 5, 8, 3, 4, 1, 9] текущие скоры, которые дают максимальное число дипломов
[6, 2, 5, 8, 3, 4, 1, 9] [6, 2, 5, 8, 3, 5, 1, 9] [6, 2, 5, 8, 3, 3, 1, 9]
709 текущий максимум дипломов


номер итерации 295
[6, 2, 5, 8, 3, 4, 1, 9] текущие скоры, которые дают максимальное число дипломов
[6, 2, 5, 8, 3, 4, 1, 9] [6, 2, 5, 9, 3, 4, 1, 9] [6, 2, 5, 7, 3, 4, 1, 9]
709 текущий максимум дипломов


номер итерации 296
[6, 2, 5, 8, 3, 4, 1, 9] текущие скоры, которые дают максимальное число дипломов
[6, 2, 5, 8, 3, 4, 1, 9] [6, 2, 5, 8, 3, 5, 1, 9] [6, 2, 5, 8, 3, 3, 1, 9]
709 текущий максимум дипломов


номер итерации 297
[6, 2, 5, 8, 3, 4, 1, 9] текущие скоры, которые дают максимальное число дипломов
[6, 2, 5, 8, 3, 4, 1, 9] [6, 2, 5, 8, 3, 4, 1, 10] [6, 2, 5, 8, 3, 4, 1, 8]
709 текущий максимум дипломов


номер итерации 298
[6, 2, 5, 8, 3, 4, 1, 9] текущие скоры, которые дают максимальное число дипломов
[6, 2, 5, 8, 3, 4, 1, 9] [6, 2, 5, 8, 3, 4, 1, 10] [6, 2, 5, 8, 3, 4, 1, 8]
709 текущий максимум дипломов


номер итерации 299
[6, 2, 5, 8, 3, 4, 1, 9] текущие скоры, которые дают максимальное число дипломов
[6, 2, 5, 8, 3, 4, 1, 9] [6, 2, 6, 8, 3, 4, 1, 9] [6, 2, 4, 8, 3, 4, 1, 9]
709 текущий максимум дипломов


номер итерации 300
[6, 2, 5, 8, 3, 4, 1, 9] текущие скоры, которые дают максимальное число дипломов
[6, 2, 5, 8, 3, 4, 1, 9] [6, 2, 5, 8, 3, 5, 1, 9] [6, 2, 5, 8, 3, 3, 1, 9]
709 текущий максимум дипломов

Process finished with exit code 0
