C:\Users\xeny\PycharmProjects\SiriusAnalysis\venv\Scripts\python.exe C:/Users/xeny/PycharmProjects/SiriusAnalysis/MakeReport.py
D:\home\xeny\Documents\Untitled Folder\356
D:\home\xeny\Documents\Untitled Folder\356
8
[1, 1, 1, 1, 1, 1, 1, 1]
идеальное количество дипломов 7979
[('1', 0.18), ('2', 0.29), ('3', 0.13), ('4', 0.05), ('5', 0.03), ('7', 0.01), ('8', 0.0), ('6', 0.06)] сложности задач: сложность:номер задачи
[('2', 0.29), ('1', 0.18), ('3', 0.13), ('6', 0.06), ('4', 0.05), ('5', 0.03), ('7', 0.01), ('8', 0.0)] look here
[0.29, 0.18, 0.13, 0.06, 0.05, 0.03, 0.01, 0.0]
[('1', 0.18), ('2', 0.29), ('3', 0.13), ('4', 0.05), ('5', 0.03), ('7', 0.01), ('8', 0.0), ('6', 0.06)] сложности задач: сложность:номер задачи
[2, 1, 3, 5, 6, 4, 7, 8]
Новое колво дипломов 7739
Старое колво дипломов 5190


номер итерации 1
[2, 1, 3, 5, 6, 4, 7, 8] текущие скоры, которые дают максимальное число дипломов
[2, 1, 3, 5, 6, 4, 7, 8] [2, 1, 3, 5, 6, 4, 7, 9] [2, 1, 3, 5, 6, 4, 7, 7]
7739 текущий максимум дипломов


номер итерации 2
[2, 1, 3, 5, 6, 4, 7, 8] текущие скоры, которые дают максимальное число дипломов
[2, 1, 3, 5, 6, 4, 7, 8] [2, 1, 3, 5, 6, 5, 7, 8] [2, 1, 3, 5, 6, 3, 7, 8]
7739 текущий максимум дипломов


номер итерации 3
[2, 1, 3, 5, 6, 4, 7, 8] текущие скоры, которые дают максимальное число дипломов
[2, 1, 3, 5, 6, 4, 7, 8] [2, 1, 3, 5, 9, 4, 7, 8] [2, 1, 3, 5, 5, 4, 7, 8]
7739 текущий максимум дипломов


номер итерации 4
[2, 1, 3, 5, 6, 4, 7, 8] текущие скоры, которые дают максимальное число дипломов
[2, 1, 3, 5, 6, 4, 7, 8] [3, 1, 3, 5, 6, 4, 7, 8] [1, 1, 3, 5, 6, 4, 7, 8]
7739 текущий максимум дипломов


номер итерации 5
[2, 1, 3, 5, 6, 4, 7, 8] текущие скоры, которые дают максимальное число дипломов
[2, 1, 3, 5, 6, 4, 7, 8] [2, 1, 3, 5, 6, 5, 7, 8] [2, 1, 3, 5, 6, 3, 7, 8]
7739 текущий максимум дипломов


номер итерации 6
[2, 1, 3, 5, 6, 4, 7, 8] текущие скоры, которые дают максимальное число дипломов
[2, 1, 3, 5, 6, 4, 7, 8] [3, 1, 3, 5, 6, 4, 7, 8] [1, 1, 3, 5, 6, 4, 7, 8]
7739 текущий максимум дипломов


номер итерации 7
[2, 1, 3, 5, 6, 4, 7, 8] текущие скоры, которые дают максимальное число дипломов
[2, 1, 3, 5, 6, 4, 7, 8] [2, 1, 3, 6, 6, 4, 7, 8] [2, 1, 3, 4, 6, 4, 7, 8]
7739 текущий максимум дипломов


номер итерации 8
[2, 1, 3, 5, 6, 4, 7, 8] текущие скоры, которые дают максимальное число дипломов
[2, 1, 3, 5, 6, 4, 7, 8] [3, 1, 3, 5, 6, 4, 7, 8] [1, 1, 3, 5, 6, 4, 7, 8]
7739 текущий максимум дипломов


номер итерации 9
[2, 1, 3, 5, 6, 4, 7, 8] текущие скоры, которые дают максимальное число дипломов
[2, 1, 3, 5, 6, 4, 7, 8] [2, 1, 4, 5, 6, 4, 7, 8] [2, 1, 2, 5, 6, 4, 7, 8]
7739 текущий максимум дипломов


номер итерации 10
[2, 1, 3, 5, 6, 4, 7, 8] текущие скоры, которые дают максимальное число дипломов
[2, 1, 3, 5, 6, 4, 7, 8] [2, 2, 3, 5, 6, 4, 7, 8] [2, 1, 3, 5, 6, 4, 7, 8]
7739 текущий максимум дипломов


номер итерации 11
[2, 1, 3, 5, 6, 4, 7, 8] текущие скоры, которые дают максимальное число дипломов
[2, 1, 3, 5, 6, 4, 7, 8] [2, 2, 3, 5, 6, 4, 7, 8] [2, 1, 3, 5, 6, 4, 7, 8]
7739 текущий максимум дипломов


номер итерации 12
[2, 1, 3, 5, 6, 4, 7, 8] текущие скоры, которые дают максимальное число дипломов
[2, 1, 3, 5, 6, 4, 7, 8] [2, 2, 3, 5, 6, 4, 7, 8] [2, 1, 3, 5, 6, 4, 7, 8]
7739 текущий максимум дипломов


номер итерации 13
[2, 1, 3, 5, 6, 4, 7, 8] текущие скоры, которые дают максимальное число дипломов
[2, 1, 3, 5, 6, 4, 7, 8] [2, 1, 3, 5, 7, 4, 7, 8] [2, 1, 3, 5, 5, 4, 7, 8]
7739 текущий максимум дипломов


номер итерации 14
[2, 1, 3, 5, 6, 4, 7, 8] текущие скоры, которые дают максимальное число дипломов
[2, 1, 3, 5, 6, 4, 7, 8] [2, 2, 3, 5, 6, 4, 7, 8] [2, 1, 3, 5, 6, 4, 7, 8]
7739 текущий максимум дипломов


номер итерации 15
[2, 1, 3, 5, 6, 4, 7, 8] текущие скоры, которые дают максимальное число дипломов
[2, 1, 3, 5, 6, 4, 7, 8] [2, 1, 3, 6, 6, 4, 7, 8] [2, 1, 3, 4, 6, 4, 7, 8]
7739 текущий максимум дипломов


номер итерации 16
[2, 1, 3, 5, 6, 4, 7, 8] текущие скоры, которые дают максимальное число дипломов
[2, 1, 3, 5, 6, 4, 7, 8] [2, 1, 3, 6, 6, 4, 7, 8] [2, 1, 3, 4, 6, 4, 7, 8]
7739 текущий максимум дипломов


номер итерации 17
[2, 1, 3, 5, 6, 4, 7, 8] текущие скоры, которые дают максимальное число дипломов
[2, 1, 3, 5, 6, 4, 7, 8] [2, 1, 3, 5, 6, 5, 7, 8] [2, 1, 3, 5, 6, 3, 7, 8]
7739 текущий максимум дипломов


номер итерации 18
[2, 1, 3, 5, 6, 4, 7, 8] текущие скоры, которые дают максимальное число дипломов
[2, 1, 3, 5, 6, 4, 7, 8] [2, 1, 3, 5, 6, 4, 7, 9] [2, 1, 3, 5, 6, 4, 7, 7]
7739 текущий максимум дипломов


номер итерации 19
[2, 1, 3, 5, 6, 4, 7, 8] текущие скоры, которые дают максимальное число дипломов
[2, 1, 3, 5, 6, 4, 7, 8] [2, 1, 3, 5, 6, 5, 7, 8] [2, 1, 3, 5, 6, 3, 7, 8]
7739 текущий максимум дипломов


номер итерации 20
[2, 1, 3, 5, 6, 4, 7, 8] текущие скоры, которые дают максимальное число дипломов
[2, 1, 3, 5, 6, 4, 7, 8] [2, 1, 3, 5, 6, 4, 7, 9] [2, 1, 3, 5, 6, 4, 7, 7]
7739 текущий максимум дипломов


номер итерации 21
[2, 1, 3, 5, 6, 4, 7, 8] текущие скоры, которые дают максимальное число дипломов
[2, 1, 3, 5, 6, 4, 7, 8] [2, 1, 4, 5, 6, 4, 7, 8] [2, 1, 2, 5, 6, 4, 7, 8]
7739 текущий максимум дипломов


номер итерации 22
[2, 1, 3, 5, 6, 4, 7, 8] текущие скоры, которые дают максимальное число дипломов
[2, 1, 3, 5, 6, 4, 7, 8] [3, 1, 3, 5, 6, 4, 7, 8] [1, 1, 3, 5, 6, 4, 7, 8]
7739 текущий максимум дипломов


номер итерации 23
[2, 1, 3, 5, 6, 4, 7, 8] текущие скоры, которые дают максимальное число дипломов
[2, 1, 3, 5, 6, 4, 7, 8] [2, 1, 3, 6, 6, 4, 7, 8] [2, 1, 3, 4, 6, 4, 7, 8]
7739 текущий максимум дипломов


номер итерации 24
[2, 1, 3, 5, 6, 4, 7, 8] текущие скоры, которые дают максимальное число дипломов
[2, 1, 3, 5, 6, 4, 7, 8] [2, 1, 4, 5, 6, 4, 7, 8] [2, 1, 2, 5, 6, 4, 7, 8]
7739 текущий максимум дипломов


номер итерации 25
[2, 1, 3, 5, 6, 4, 7, 8] текущие скоры, которые дают максимальное число дипломов
[2, 1, 3, 5, 6, 4, 7, 8] [2, 1, 3, 5, 6, 4, 8, 8] [2, 1, 3, 5, 6, 4, 6, 8]
7739 текущий максимум дипломов


номер итерации 26
[2, 1, 3, 5, 6, 4, 7, 8] текущие скоры, которые дают максимальное число дипломов
[2, 1, 3, 5, 6, 4, 7, 8] [2, 1, 4, 5, 6, 4, 7, 8] [2, 1, 2, 5, 6, 4, 7, 8]
7739 текущий максимум дипломов


номер итерации 27
[2, 1, 3, 5, 6, 4, 7, 8] текущие скоры, которые дают максимальное число дипломов
[2, 1, 3, 5, 6, 4, 7, 8] [3, 1, 3, 5, 6, 4, 7, 8] [1, 1, 3, 5, 6, 4, 7, 8]
7739 текущий максимум дипломов


номер итерации 28
[2, 1, 3, 5, 6, 4, 7, 8] текущие скоры, которые дают максимальное число дипломов
[2, 1, 3, 5, 6, 4, 7, 8] [2, 1, 3, 6, 6, 4, 7, 8] [2, 1, 3, 4, 6, 4, 7, 8]
7739 текущий максимум дипломов


номер итерации 29
[2, 1, 3, 5, 6, 4, 7, 8] текущие скоры, которые дают максимальное число дипломов
[2, 1, 3, 5, 6, 4, 7, 8] [2, 1, 3, 5, 7, 4, 7, 8] [2, 1, 3, 5, 5, 4, 7, 8]
7739 текущий максимум дипломов


номер итерации 30
[2, 1, 3, 5, 6, 4, 7, 8] текущие скоры, которые дают максимальное число дипломов
[2, 1, 3, 5, 6, 4, 7, 8] [3, 1, 3, 5, 6, 4, 7, 8] [1, 1, 3, 5, 6, 4, 7, 8]
7739 текущий максимум дипломов


номер итерации 31
[2, 1, 3, 5, 6, 4, 7, 8] текущие скоры, которые дают максимальное число дипломов
[2, 1, 3, 5, 6, 4, 7, 8] [2, 1, 4, 5, 6, 4, 7, 8] [2, 1, 2, 5, 6, 4, 7, 8]
7739 текущий максимум дипломов


номер итерации 32
[2, 1, 3, 5, 6, 4, 7, 8] текущие скоры, которые дают максимальное число дипломов
[2, 1, 3, 5, 6, 4, 7, 8] [2, 1, 4, 5, 6, 4, 7, 8] [2, 1, 2, 5, 6, 4, 7, 8]
7739 текущий максимум дипломов


номер итерации 33
[2, 1, 3, 5, 6, 4, 7, 8] текущие скоры, которые дают максимальное число дипломов
[2, 1, 3, 5, 6, 4, 7, 8] [2, 1, 3, 5, 6, 5, 7, 8] [2, 1, 3, 5, 6, 3, 7, 8]
7739 текущий максимум дипломов


номер итерации 34
[2, 1, 3, 5, 6, 4, 7, 8] текущие скоры, которые дают максимальное число дипломов
[2, 1, 3, 5, 6, 4, 7, 8] [2, 2, 3, 5, 6, 4, 7, 8] [2, 1, 3, 5, 6, 4, 7, 8]
7739 текущий максимум дипломов


номер итерации 35
[2, 1, 3, 5, 6, 4, 7, 8] текущие скоры, которые дают максимальное число дипломов
[2, 1, 3, 5, 6, 4, 7, 8] [2, 1, 3, 5, 6, 4, 7, 9] [2, 1, 3, 5, 6, 4, 7, 7]
7739 текущий максимум дипломов


номер итерации 36
[2, 1, 3, 5, 6, 4, 7, 8] текущие скоры, которые дают максимальное число дипломов
[2, 1, 3, 5, 6, 4, 7, 8] [2, 1, 3, 5, 6, 4, 8, 8] [2, 1, 3, 5, 6, 4, 6, 8]
7739 текущий максимум дипломов


номер итерации 37
[2, 1, 3, 5, 6, 4, 7, 8] текущие скоры, которые дают максимальное число дипломов
[2, 1, 3, 5, 6, 4, 7, 8] [2, 1, 3, 5, 6, 4, 8, 8] [2, 1, 3, 5, 6, 4, 6, 8]
7739 текущий максимум дипломов


номер итерации 38
[2, 1, 3, 5, 6, 4, 7, 8] текущие скоры, которые дают максимальное число дипломов
[2, 1, 3, 5, 6, 4, 7, 8] [2, 2, 3, 5, 6, 4, 7, 8] [2, 1, 3, 5, 6, 4, 7, 8]
7739 текущий максимум дипломов


номер итерации 39
[2, 1, 3, 5, 6, 4, 7, 8] текущие скоры, которые дают максимальное число дипломов
[2, 1, 3, 5, 6, 4, 7, 8] [2, 1, 3, 5, 6, 5, 7, 8] [2, 1, 3, 5, 6, 3, 7, 8]
7739 текущий максимум дипломов


номер итерации 40
[2, 1, 3, 5, 6, 4, 7, 8] текущие скоры, которые дают максимальное число дипломов
[2, 1, 3, 5, 6, 4, 7, 8] [2, 1, 4, 5, 6, 4, 7, 8] [2, 1, 2, 5, 6, 4, 7, 8]
7739 текущий максимум дипломов


номер итерации 41
[2, 1, 3, 5, 6, 4, 7, 8] текущие скоры, которые дают максимальное число дипломов
[2, 1, 3, 5, 6, 4, 7, 8] [2, 1, 4, 5, 6, 4, 7, 8] [2, 1, 2, 5, 6, 4, 7, 8]
7739 текущий максимум дипломов


номер итерации 42
[2, 1, 3, 5, 6, 4, 7, 8] текущие скоры, которые дают максимальное число дипломов
[2, 1, 3, 5, 6, 4, 7, 8] [2, 1, 3, 5, 6, 4, 7, 12] [2, 1, 3, 5, 6, 4, 7, 7]
7739 текущий максимум дипломов


номер итерации 43
[2, 1, 3, 5, 6, 4, 7, 8] текущие скоры, которые дают максимальное число дипломов
[2, 1, 3, 5, 6, 4, 7, 8] [2, 1, 3, 5, 6, 4, 8, 8] [2, 1, 3, 5, 6, 4, 6, 8]
7739 текущий максимум дипломов


номер итерации 44
[2, 1, 3, 5, 6, 4, 7, 8] текущие скоры, которые дают максимальное число дипломов
[2, 1, 3, 5, 6, 4, 7, 8] [3, 1, 3, 5, 6, 4, 7, 8] [1, 1, 3, 5, 6, 4, 7, 8]
7739 текущий максимум дипломов


номер итерации 45
[2, 1, 3, 5, 6, 4, 7, 8] текущие скоры, которые дают максимальное число дипломов
[2, 1, 3, 5, 6, 4, 7, 8] [2, 1, 4, 5, 6, 4, 7, 8] [2, 1, 2, 5, 6, 4, 7, 8]
7739 текущий максимум дипломов


номер итерации 46
[2, 1, 3, 5, 6, 4, 7, 8] текущие скоры, которые дают максимальное число дипломов
[2, 1, 3, 5, 6, 4, 7, 8] [2, 1, 3, 5, 6, 4, 7, 9] [2, 1, 3, 5, 6, 4, 7, 7]
7739 текущий максимум дипломов


номер итерации 47
[2, 1, 3, 5, 6, 4, 7, 8] текущие скоры, которые дают максимальное число дипломов
[2, 1, 3, 5, 6, 4, 7, 8] [3, 1, 3, 5, 6, 4, 7, 8] [1, 1, 3, 5, 6, 4, 7, 8]
7739 текущий максимум дипломов


номер итерации 48
[2, 1, 3, 5, 6, 4, 7, 8] текущие скоры, которые дают максимальное число дипломов
[2, 1, 3, 5, 6, 4, 7, 8] [2, 1, 3, 6, 6, 4, 7, 8] [2, 1, 3, 4, 6, 4, 7, 8]
7739 текущий максимум дипломов


номер итерации 49
[2, 1, 3, 5, 6, 4, 7, 8] текущие скоры, которые дают максимальное число дипломов
[2, 1, 3, 5, 6, 4, 7, 8] [2, 1, 3, 5, 6, 4, 8, 8] [2, 1, 3, 5, 6, 4, 6, 8]
7739 текущий максимум дипломов


номер итерации 50
[2, 1, 3, 5, 6, 4, 7, 8] текущие скоры, которые дают максимальное число дипломов
[2, 1, 3, 5, 6, 4, 7, 8] [2, 1, 3, 5, 6, 4, 7, 9] [2, 1, 3, 5, 6, 4, 7, 7]
7739 текущий максимум дипломов


номер итерации 51
[2, 1, 3, 5, 6, 4, 7, 8] текущие скоры, которые дают максимальное число дипломов
[2, 1, 3, 5, 6, 4, 7, 8] [2, 2, 3, 5, 6, 4, 7, 8] [2, 1, 3, 5, 6, 4, 7, 8]
7739 текущий максимум дипломов


номер итерации 52
[2, 1, 3, 5, 6, 4, 7, 8] текущие скоры, которые дают максимальное число дипломов
[2, 1, 3, 5, 6, 4, 7, 8] [2, 1, 3, 5, 6, 4, 8, 8] [2, 1, 3, 5, 6, 4, 6, 8]
7739 текущий максимум дипломов


номер итерации 53
[2, 1, 3, 5, 6, 4, 7, 8] текущие скоры, которые дают максимальное число дипломов
[2, 1, 3, 5, 6, 4, 7, 8] [2, 1, 3, 5, 6, 4, 8, 8] [2, 1, 3, 5, 6, 4, 6, 8]
7739 текущий максимум дипломов


номер итерации 54
[2, 1, 3, 5, 6, 4, 7, 8] текущие скоры, которые дают максимальное число дипломов
[2, 1, 3, 5, 6, 4, 7, 8] [2, 1, 3, 5, 7, 4, 7, 8] [2, 1, 3, 5, 5, 4, 7, 8]
7739 текущий максимум дипломов


номер итерации 55
[2, 1, 3, 5, 6, 4, 7, 8] текущие скоры, которые дают максимальное число дипломов
[2, 1, 3, 5, 6, 4, 7, 8] [2, 1, 3, 5, 6, 4, 8, 8] [2, 1, 3, 5, 6, 4, 6, 8]
7739 текущий максимум дипломов


номер итерации 56
[2, 1, 3, 5, 6, 4, 7, 8] текущие скоры, которые дают максимальное число дипломов
[2, 1, 3, 5, 6, 4, 7, 8] [2, 1, 4, 5, 6, 4, 7, 8] [2, 1, 2, 5, 6, 4, 7, 8]
7739 текущий максимум дипломов


номер итерации 57
[2, 1, 3, 5, 6, 4, 7, 8] текущие скоры, которые дают максимальное число дипломов
[2, 1, 3, 5, 6, 4, 7, 8] [2, 1, 3, 5, 6, 6, 7, 8] [2, 1, 3, 5, 6, 3, 7, 8]
7739 текущий максимум дипломов


номер итерации 58
[2, 1, 3, 5, 6, 4, 7, 8] текущие скоры, которые дают максимальное число дипломов
[2, 1, 3, 5, 6, 4, 7, 8] [3, 1, 3, 5, 6, 4, 7, 8] [1, 1, 3, 5, 6, 4, 7, 8]
7739 текущий максимум дипломов


номер итерации 59
[2, 1, 3, 5, 6, 4, 7, 8] текущие скоры, которые дают максимальное число дипломов
[2, 1, 3, 5, 6, 4, 7, 8] [2, 1, 3, 5, 6, 4, 10, 8] [2, 1, 3, 5, 6, 4, 6, 8]
7739 текущий максимум дипломов


номер итерации 60
[2, 1, 3, 5, 6, 4, 7, 8] текущие скоры, которые дают максимальное число дипломов
[2, 1, 3, 5, 6, 4, 7, 8] [2, 2, 3, 5, 6, 4, 7, 8] [2, 1, 3, 5, 6, 4, 7, 8]
7739 текущий максимум дипломов


номер итерации 61
[2, 1, 3, 5, 6, 4, 7, 8] текущие скоры, которые дают максимальное число дипломов
[2, 1, 3, 5, 6, 4, 7, 8] [2, 1, 4, 5, 6, 4, 7, 8] [2, 1, 2, 5, 6, 4, 7, 8]
7739 текущий максимум дипломов


номер итерации 62
[2, 1, 3, 5, 6, 4, 7, 8] текущие скоры, которые дают максимальное число дипломов
[2, 1, 3, 5, 6, 4, 7, 8] [2, 1, 3, 5, 6, 5, 7, 8] [2, 1, 3, 5, 6, 3, 7, 8]
7739 текущий максимум дипломов


номер итерации 63
[2, 1, 3, 5, 6, 4, 7, 8] текущие скоры, которые дают максимальное число дипломов
[2, 1, 3, 5, 6, 4, 7, 8] [2, 1, 4, 5, 6, 4, 7, 8] [2, 1, 2, 5, 6, 4, 7, 8]
7739 текущий максимум дипломов


номер итерации 64
[2, 1, 3, 5, 6, 4, 7, 8] текущие скоры, которые дают максимальное число дипломов
[2, 1, 3, 5, 6, 4, 7, 8] [2, 1, 3, 5, 6, 4, 8, 8] [2, 1, 3, 5, 6, 4, 6, 8]
7739 текущий максимум дипломов


номер итерации 65
[2, 1, 3, 5, 6, 4, 7, 8] текущие скоры, которые дают максимальное число дипломов
[2, 1, 3, 5, 6, 4, 7, 8] [3, 1, 3, 5, 6, 4, 7, 8] [1, 1, 3, 5, 6, 4, 7, 8]
7739 текущий максимум дипломов


номер итерации 66
[2, 1, 3, 5, 6, 4, 7, 8] текущие скоры, которые дают максимальное число дипломов
[2, 1, 3, 5, 6, 4, 7, 8] [2, 1, 3, 5, 6, 4, 8, 8] [2, 1, 3, 5, 6, 4, 6, 8]
7739 текущий максимум дипломов


номер итерации 67
[2, 1, 3, 5, 6, 4, 7, 8] текущие скоры, которые дают максимальное число дипломов
[2, 1, 3, 5, 6, 4, 7, 8] [2, 1, 3, 5, 6, 4, 7, 8] [2, 1, 3, 5, 6, 4, 7, 8]
7739 текущий максимум дипломов


номер итерации 68
[2, 1, 3, 5, 6, 4, 7, 8] текущие скоры, которые дают максимальное число дипломов
[2, 1, 3, 5, 6, 4, 7, 8] [2, 1, 3, 5, 6, 4, 8, 8] [2, 1, 3, 5, 6, 4, 6, 8]
7739 текущий максимум дипломов


номер итерации 69
[2, 1, 3, 5, 6, 4, 7, 8] текущие скоры, которые дают максимальное число дипломов
[2, 1, 3, 5, 6, 4, 7, 8] [3, 1, 3, 5, 6, 4, 7, 8] [1, 1, 3, 5, 6, 4, 7, 8]
7739 текущий максимум дипломов


номер итерации 70
[2, 1, 3, 5, 6, 4, 7, 8] текущие скоры, которые дают максимальное число дипломов
[2, 1, 3, 5, 6, 4, 7, 8] [2, 1, 3, 5, 7, 4, 7, 8] [2, 1, 3, 5, 5, 4, 7, 8]
7739 текущий максимум дипломов


номер итерации 71
[2, 1, 3, 5, 6, 4, 7, 8] текущие скоры, которые дают максимальное число дипломов
[2, 1, 3, 5, 6, 4, 7, 8] [2, 1, 3, 5, 6, 5, 7, 8] [2, 1, 3, 5, 6, 3, 7, 8]
7739 текущий максимум дипломов


номер итерации 72
[2, 1, 3, 5, 6, 4, 7, 8] текущие скоры, которые дают максимальное число дипломов
[2, 1, 3, 5, 6, 4, 7, 8] [2, 1, 3, 5, 6, 4, 7, 8] [2, 1, 3, 5, 6, 4, 7, 8]
7739 текущий максимум дипломов


номер итерации 73
[2, 1, 3, 5, 6, 4, 7, 8] текущие скоры, которые дают максимальное число дипломов
[2, 1, 3, 5, 6, 4, 7, 8] [2, 1, 3, 5, 6, 4, 10, 8] [2, 1, 3, 5, 6, 4, 6, 8]
7739 текущий максимум дипломов


номер итерации 74
[2, 1, 3, 5, 6, 4, 7, 8] текущие скоры, которые дают максимальное число дипломов
[2, 1, 3, 5, 6, 4, 7, 8] [2, 1, 3, 5, 6, 6, 7, 8] [2, 1, 3, 5, 6, 3, 7, 8]
7739 текущий максимум дипломов


номер итерации 75
[2, 1, 3, 5, 6, 4, 7, 8] текущие скоры, которые дают максимальное число дипломов
[2, 1, 3, 5, 6, 4, 7, 8] [2, 1, 3, 5, 9, 4, 7, 8] [2, 1, 3, 5, 5, 4, 7, 8]
7739 текущий максимум дипломов


номер итерации 76
[2, 1, 3, 5, 6, 4, 7, 8] текущие скоры, которые дают максимальное число дипломов
[2, 1, 3, 5, 6, 4, 7, 8] [2, 1, 3, 5, 6, 4, 7, 12] [2, 1, 3, 5, 6, 4, 7, 7]
7739 текущий максимум дипломов


номер итерации 77
[2, 1, 3, 5, 6, 4, 7, 8] текущие скоры, которые дают максимальное число дипломов
[2, 1, 3, 5, 6, 4, 7, 8] [2, 1, 3, 5, 6, 5, 7, 8] [2, 1, 3, 5, 6, 3, 7, 8]
7739 текущий максимум дипломов


номер итерации 78
[2, 1, 3, 5, 6, 4, 7, 8] текущие скоры, которые дают максимальное число дипломов
[2, 1, 3, 5, 6, 4, 7, 8] [2, 1, 4, 5, 6, 4, 7, 8] [2, 1, 2, 5, 6, 4, 7, 8]
7739 текущий максимум дипломов


номер итерации 79
[2, 1, 3, 5, 6, 4, 7, 8] текущие скоры, которые дают максимальное число дипломов
[2, 1, 3, 5, 6, 4, 7, 8] [2, 2, 3, 5, 6, 4, 7, 8] [2, 1, 3, 5, 6, 4, 7, 8]
7739 текущий максимум дипломов


номер итерации 80
[2, 1, 3, 5, 6, 4, 7, 8] текущие скоры, которые дают максимальное число дипломов
[2, 1, 3, 5, 6, 4, 7, 8] [2, 1, 3, 5, 6, 4, 8, 8] [2, 1, 3, 5, 6, 4, 6, 8]
7739 текущий максимум дипломов


номер итерации 81
[2, 1, 3, 5, 6, 4, 7, 8] текущие скоры, которые дают максимальное число дипломов
[2, 1, 3, 5, 6, 4, 7, 8] [2, 1, 3, 5, 6, 4, 7, 9] [2, 1, 3, 5, 6, 4, 7, 7]
7739 текущий максимум дипломов


номер итерации 82
[2, 1, 3, 5, 6, 4, 7, 8] текущие скоры, которые дают максимальное число дипломов
[2, 1, 3, 5, 6, 4, 7, 8] [2, 1, 3, 5, 6, 4, 7, 8] [2, 1, 3, 5, 6, 4, 7, 8]
7739 текущий максимум дипломов


номер итерации 83
[2, 1, 3, 5, 6, 4, 7, 8] текущие скоры, которые дают максимальное число дипломов
[2, 1, 3, 5, 6, 4, 7, 8] [3, 1, 3, 5, 6, 4, 7, 8] [1, 1, 3, 5, 6, 4, 7, 8]
7739 текущий максимум дипломов


номер итерации 84
[2, 1, 3, 5, 6, 4, 7, 8] текущие скоры, которые дают максимальное число дипломов
[2, 1, 3, 5, 6, 4, 7, 8] [3, 1, 3, 5, 6, 4, 7, 8] [1, 1, 3, 5, 6, 4, 7, 8]
7739 текущий максимум дипломов


номер итерации 85
[2, 1, 3, 5, 6, 4, 7, 8] текущие скоры, которые дают максимальное число дипломов
[2, 1, 3, 5, 6, 4, 7, 8] [2, 1, 3, 5, 6, 4, 8, 8] [2, 1, 3, 5, 6, 4, 6, 8]
7739 текущий максимум дипломов


номер итерации 86
[2, 1, 3, 5, 6, 4, 7, 8] текущие скоры, которые дают максимальное число дипломов
[2, 1, 3, 5, 6, 4, 7, 8] [2, 2, 3, 5, 6, 4, 7, 8] [2, 1, 3, 5, 6, 4, 7, 8]
7739 текущий максимум дипломов


номер итерации 87
[2, 1, 3, 5, 6, 4, 7, 8] текущие скоры, которые дают максимальное число дипломов
[2, 1, 3, 5, 6, 4, 7, 8] [3, 1, 3, 5, 6, 4, 7, 8] [1, 1, 3, 5, 6, 4, 7, 8]
7739 текущий максимум дипломов


номер итерации 88
[2, 1, 3, 5, 6, 4, 7, 8] текущие скоры, которые дают максимальное число дипломов
[2, 1, 3, 5, 6, 4, 7, 8] [3, 1, 3, 5, 6, 4, 7, 8] [1, 1, 3, 5, 6, 4, 7, 8]
7739 текущий максимум дипломов


номер итерации 89
[2, 1, 3, 5, 6, 4, 7, 8] текущие скоры, которые дают максимальное число дипломов
[2, 1, 3, 5, 6, 4, 7, 8] [2, 1, 3, 5, 7, 4, 7, 8] [2, 1, 3, 5, 5, 4, 7, 8]
7739 текущий максимум дипломов


номер итерации 90
[2, 1, 3, 5, 6, 4, 7, 8] текущие скоры, которые дают максимальное число дипломов
[2, 1, 3, 5, 6, 4, 7, 8] [2, 1, 3, 5, 7, 4, 7, 8] [2, 1, 3, 5, 5, 4, 7, 8]
7739 текущий максимум дипломов


номер итерации 91
[2, 1, 3, 5, 6, 4, 7, 8] текущие скоры, которые дают максимальное число дипломов
[2, 1, 3, 5, 6, 4, 7, 8] [2, 1, 3, 5, 6, 4, 7, 8] [2, 1, 3, 5, 6, 4, 7, 8]
7739 текущий максимум дипломов


номер итерации 92
[2, 1, 3, 5, 6, 4, 7, 8] текущие скоры, которые дают максимальное число дипломов
[2, 1, 3, 5, 6, 4, 7, 8] [2, 2, 3, 5, 6, 4, 7, 8] [2, 1, 3, 5, 6, 4, 7, 8]
7739 текущий максимум дипломов


номер итерации 93
[2, 1, 3, 5, 6, 4, 7, 8] текущие скоры, которые дают максимальное число дипломов
[2, 1, 3, 5, 6, 4, 7, 8] [2, 1, 3, 5, 6, 4, 7, 9] [2, 1, 3, 5, 6, 4, 7, 7]
7739 текущий максимум дипломов


номер итерации 94
[2, 1, 3, 5, 6, 4, 7, 8] текущие скоры, которые дают максимальное число дипломов
[2, 1, 3, 5, 6, 4, 7, 8] [2, 1, 3, 5, 6, 4, 7, 8] [2, 1, 3, 5, 6, 4, 7, 8]
7739 текущий максимум дипломов


номер итерации 95
[2, 1, 3, 5, 6, 4, 7, 8] текущие скоры, которые дают максимальное число дипломов
[2, 1, 3, 5, 6, 4, 7, 8] [2, 1, 3, 5, 6, 4, 8, 8] [2, 1, 3, 5, 6, 4, 6, 8]
7739 текущий максимум дипломов


номер итерации 96
[2, 1, 3, 5, 6, 4, 7, 8] текущие скоры, которые дают максимальное число дипломов
[2, 1, 3, 5, 6, 4, 7, 8] [2, 1, 4, 5, 6, 4, 7, 8] [2, 1, 2, 5, 6, 4, 7, 8]
7739 текущий максимум дипломов


номер итерации 97
[2, 1, 3, 5, 6, 4, 7, 8] текущие скоры, которые дают максимальное число дипломов
[2, 1, 3, 5, 6, 4, 7, 8] [2, 1, 3, 5, 6, 4, 7, 9] [2, 1, 3, 5, 6, 4, 7, 7]
7739 текущий максимум дипломов


номер итерации 98
[2, 1, 3, 5, 6, 4, 7, 8] текущие скоры, которые дают максимальное число дипломов
[2, 1, 3, 5, 6, 4, 7, 8] [2, 1, 3, 5, 6, 4, 7, 9] [2, 1, 3, 5, 6, 4, 7, 7]
7739 текущий максимум дипломов


номер итерации 99
[2, 1, 3, 5, 6, 4, 7, 8] текущие скоры, которые дают максимальное число дипломов
[2, 1, 3, 5, 6, 4, 7, 8] [2, 1, 3, 6, 6, 4, 7, 8] [2, 1, 3, 4, 6, 4, 7, 8]
7739 текущий максимум дипломов


номер итерации 100
[2, 1, 3, 5, 6, 4, 7, 8] текущие скоры, которые дают максимальное число дипломов
[2, 1, 3, 5, 6, 4, 7, 8] [2, 1, 3, 5, 6, 4, 7, 9] [2, 1, 3, 5, 6, 4, 7, 7]
7739 текущий максимум дипломов


номер итерации 101
[2, 1, 3, 5, 6, 4, 7, 8] текущие скоры, которые дают максимальное число дипломов
[2, 1, 3, 5, 6, 4, 7, 8] [2, 2, 3, 5, 6, 4, 7, 8] [2, 1, 3, 5, 6, 4, 7, 8]
7739 текущий максимум дипломов


номер итерации 102
[2, 1, 3, 5, 6, 4, 7, 8] текущие скоры, которые дают максимальное число дипломов
[2, 1, 3, 5, 6, 4, 7, 8] [2, 1, 3, 6, 6, 4, 7, 8] [2, 1, 3, 4, 6, 4, 7, 8]
7739 текущий максимум дипломов


номер итерации 103
[2, 1, 3, 5, 6, 4, 7, 8] текущие скоры, которые дают максимальное число дипломов
[2, 1, 3, 5, 6, 4, 7, 8] [2, 1, 3, 5, 7, 4, 7, 8] [2, 1, 3, 5, 5, 4, 7, 8]
7739 текущий максимум дипломов


номер итерации 104
[2, 1, 3, 5, 6, 4, 7, 8] текущие скоры, которые дают максимальное число дипломов
[2, 1, 3, 5, 6, 4, 7, 8] [2, 1, 3, 5, 6, 5, 7, 8] [2, 1, 3, 5, 6, 3, 7, 8]
7739 текущий максимум дипломов


номер итерации 105
[2, 1, 3, 5, 6, 4, 7, 8] текущие скоры, которые дают максимальное число дипломов
[2, 1, 3, 5, 6, 4, 7, 8] [3, 1, 3, 5, 6, 4, 7, 8] [1, 1, 3, 5, 6, 4, 7, 8]
7739 текущий максимум дипломов


номер итерации 106
[2, 1, 3, 5, 6, 4, 7, 8] текущие скоры, которые дают максимальное число дипломов
[2, 1, 3, 5, 6, 4, 7, 8] [2, 1, 4, 5, 6, 4, 7, 8] [2, 1, 2, 5, 6, 4, 7, 8]
7739 текущий максимум дипломов


номер итерации 107
[2, 1, 3, 5, 6, 4, 7, 8] текущие скоры, которые дают максимальное число дипломов
[2, 1, 3, 5, 6, 4, 7, 8] [2, 1, 4, 5, 6, 4, 7, 8] [2, 1, 2, 5, 6, 4, 7, 8]
7739 текущий максимум дипломов


номер итерации 108
[2, 1, 3, 5, 6, 4, 7, 8] текущие скоры, которые дают максимальное число дипломов
[2, 1, 3, 5, 6, 4, 7, 8] [2, 1, 4, 5, 6, 4, 7, 8] [2, 1, 2, 5, 6, 4, 7, 8]
7739 текущий максимум дипломов


номер итерации 109
[2, 1, 3, 5, 6, 4, 7, 8] текущие скоры, которые дают максимальное число дипломов
[2, 1, 3, 5, 6, 4, 7, 8] [2, 2, 3, 5, 6, 4, 7, 8] [2, 1, 3, 5, 6, 4, 7, 8]
7739 текущий максимум дипломов


номер итерации 110
[2, 1, 3, 5, 6, 4, 7, 8] текущие скоры, которые дают максимальное число дипломов
[2, 1, 3, 5, 6, 4, 7, 8] [2, 1, 4, 5, 6, 4, 7, 8] [2, 1, 2, 5, 6, 4, 7, 8]
7739 текущий максимум дипломов


номер итерации 111
[2, 1, 3, 5, 6, 4, 7, 8] текущие скоры, которые дают максимальное число дипломов
[2, 1, 3, 5, 6, 4, 7, 8] [2, 1, 4, 5, 6, 4, 7, 8] [2, 1, 2, 5, 6, 4, 7, 8]
7739 текущий максимум дипломов


номер итерации 112
[2, 1, 3, 5, 6, 4, 7, 8] текущие скоры, которые дают максимальное число дипломов
[2, 1, 3, 5, 6, 4, 7, 8] [2, 1, 3, 5, 6, 5, 7, 8] [2, 1, 3, 5, 6, 3, 7, 8]
7739 текущий максимум дипломов


номер итерации 113
[2, 1, 3, 5, 6, 4, 7, 8] текущие скоры, которые дают максимальное число дипломов
[2, 1, 3, 5, 6, 4, 7, 8] [2, 2, 3, 5, 6, 4, 7, 8] [2, 1, 3, 5, 6, 4, 7, 8]
7739 текущий максимум дипломов


номер итерации 114
[2, 1, 3, 5, 6, 4, 7, 8] текущие скоры, которые дают максимальное число дипломов
[2, 1, 3, 5, 6, 4, 7, 8] [2, 1, 4, 5, 6, 4, 7, 8] [2, 1, 2, 5, 6, 4, 7, 8]
7739 текущий максимум дипломов


номер итерации 115
[2, 1, 3, 5, 6, 4, 7, 8] текущие скоры, которые дают максимальное число дипломов
[2, 1, 3, 5, 6, 4, 7, 8] [2, 1, 3, 5, 6, 4, 8, 8] [2, 1, 3, 5, 6, 4, 6, 8]
7739 текущий максимум дипломов


номер итерации 116
[2, 1, 3, 5, 6, 4, 7, 8] текущие скоры, которые дают максимальное число дипломов
[2, 1, 3, 5, 6, 4, 7, 8] [2, 1, 3, 5, 7, 4, 7, 8] [2, 1, 3, 5, 5, 4, 7, 8]
7739 текущий максимум дипломов


номер итерации 117
[2, 1, 3, 5, 6, 4, 7, 8] текущие скоры, которые дают максимальное число дипломов
[2, 1, 3, 5, 6, 4, 7, 8] [2, 1, 3, 5, 9, 4, 7, 8] [2, 1, 3, 5, 5, 4, 7, 8]
7739 текущий максимум дипломов


номер итерации 118
[2, 1, 3, 5, 6, 4, 7, 8] текущие скоры, которые дают максимальное число дипломов
[2, 1, 3, 5, 6, 4, 7, 8] [3, 1, 3, 5, 6, 4, 7, 8] [1, 1, 3, 5, 6, 4, 7, 8]
7739 текущий максимум дипломов


номер итерации 119
[2, 1, 3, 5, 6, 4, 7, 8] текущие скоры, которые дают максимальное число дипломов
[2, 1, 3, 5, 6, 4, 7, 8] [2, 1, 3, 5, 6, 4, 7, 12] [2, 1, 3, 5, 6, 4, 7, 7]
7739 текущий максимум дипломов


номер итерации 120
[2, 1, 3, 5, 6, 4, 7, 8] текущие скоры, которые дают максимальное число дипломов
[2, 1, 3, 5, 6, 4, 7, 8] [2, 1, 3, 5, 7, 4, 7, 8] [2, 1, 3, 5, 5, 4, 7, 8]
7739 текущий максимум дипломов


номер итерации 121
[2, 1, 3, 5, 6, 4, 7, 8] текущие скоры, которые дают максимальное число дипломов
[2, 1, 3, 5, 6, 4, 7, 8] [2, 1, 3, 5, 7, 4, 7, 8] [2, 1, 3, 5, 5, 4, 7, 8]
7739 текущий максимум дипломов


номер итерации 122
[2, 1, 3, 5, 6, 4, 7, 8] текущие скоры, которые дают максимальное число дипломов
[2, 1, 3, 5, 6, 4, 7, 8] [2, 1, 3, 7, 6, 4, 7, 8] [2, 1, 3, 4, 6, 4, 7, 8]
7739 текущий максимум дипломов


номер итерации 123
[2, 1, 3, 5, 6, 4, 7, 8] текущие скоры, которые дают максимальное число дипломов
[2, 1, 3, 5, 6, 4, 7, 8] [2, 1, 3, 5, 9, 4, 7, 8] [2, 1, 3, 5, 5, 4, 7, 8]
7739 текущий максимум дипломов


номер итерации 124
[2, 1, 3, 5, 6, 4, 7, 8] текущие скоры, которые дают максимальное число дипломов
[2, 1, 3, 5, 6, 4, 7, 8] [2, 1, 3, 6, 6, 4, 7, 8] [2, 1, 3, 4, 6, 4, 7, 8]
7739 текущий максимум дипломов


номер итерации 125
[2, 1, 3, 5, 6, 4, 7, 8] текущие скоры, которые дают максимальное число дипломов
[2, 1, 3, 5, 6, 4, 7, 8] [2, 1, 3, 5, 7, 4, 7, 8] [2, 1, 3, 5, 5, 4, 7, 8]
7739 текущий максимум дипломов


номер итерации 126
[2, 1, 3, 5, 6, 4, 7, 8] текущие скоры, которые дают максимальное число дипломов
[2, 1, 3, 5, 6, 4, 7, 8] [2, 1, 3, 5, 7, 4, 7, 8] [2, 1, 3, 5, 5, 4, 7, 8]
7739 текущий максимум дипломов


номер итерации 127
[2, 1, 3, 5, 6, 4, 7, 8] текущие скоры, которые дают максимальное число дипломов
[2, 1, 3, 5, 6, 4, 7, 8] [2, 2, 3, 5, 6, 4, 7, 8] [2, 1, 3, 5, 6, 4, 7, 8]
7739 текущий максимум дипломов


номер итерации 128
[2, 1, 3, 5, 6, 4, 7, 8] текущие скоры, которые дают максимальное число дипломов
[2, 1, 3, 5, 6, 4, 7, 8] [2, 1, 4, 5, 6, 4, 7, 8] [2, 1, 2, 5, 6, 4, 7, 8]
7739 текущий максимум дипломов


номер итерации 129
[2, 1, 3, 5, 6, 4, 7, 8] текущие скоры, которые дают максимальное число дипломов
[2, 1, 3, 5, 6, 4, 7, 8] [2, 1, 3, 5, 6, 4, 7, 9] [2, 1, 3, 5, 6, 4, 7, 7]
7739 текущий максимум дипломов


номер итерации 130
[2, 1, 3, 5, 6, 4, 7, 8] текущие скоры, которые дают максимальное число дипломов
[2, 1, 3, 5, 6, 4, 7, 8] [2, 2, 3, 5, 6, 4, 7, 8] [2, 1, 3, 5, 6, 4, 7, 8]
7739 текущий максимум дипломов


номер итерации 131
[2, 1, 3, 5, 6, 4, 7, 8] текущие скоры, которые дают максимальное число дипломов
[2, 1, 3, 5, 6, 4, 7, 8] [2, 1, 3, 7, 6, 4, 7, 8] [2, 1, 3, 4, 6, 4, 7, 8]
7739 текущий максимум дипломов


номер итерации 132
[2, 1, 3, 5, 6, 4, 7, 8] текущие скоры, которые дают максимальное число дипломов
[2, 1, 3, 5, 6, 4, 7, 8] [3, 1, 3, 5, 6, 4, 7, 8] [1, 1, 3, 5, 6, 4, 7, 8]
7739 текущий максимум дипломов


номер итерации 133
[2, 1, 3, 5, 6, 4, 7, 8] текущие скоры, которые дают максимальное число дипломов
[2, 1, 3, 5, 6, 4, 7, 8] [3, 1, 3, 5, 6, 4, 7, 8] [1, 1, 3, 5, 6, 4, 7, 8]
7739 текущий максимум дипломов


номер итерации 134
[2, 1, 3, 5, 6, 4, 7, 8] текущие скоры, которые дают максимальное число дипломов
[2, 1, 3, 5, 6, 4, 7, 8] [2, 1, 3, 5, 6, 4, 8, 8] [2, 1, 3, 5, 6, 4, 6, 8]
7739 текущий максимум дипломов


номер итерации 135
[2, 1, 3, 5, 6, 4, 7, 8] текущие скоры, которые дают максимальное число дипломов
[2, 1, 3, 5, 6, 4, 7, 8] [2, 1, 3, 7, 6, 4, 7, 8] [2, 1, 3, 4, 6, 4, 7, 8]
7739 текущий максимум дипломов


номер итерации 136
[2, 1, 3, 5, 6, 4, 7, 8] текущие скоры, которые дают максимальное число дипломов
[2, 1, 3, 5, 6, 4, 7, 8] [2, 1, 3, 5, 6, 4, 8, 8] [2, 1, 3, 5, 6, 4, 6, 8]
7739 текущий максимум дипломов


номер итерации 137
[2, 1, 3, 5, 6, 4, 7, 8] текущие скоры, которые дают максимальное число дипломов
[2, 1, 3, 5, 6, 4, 7, 8] [2, 1, 4, 5, 6, 4, 7, 8] [2, 1, 2, 5, 6, 4, 7, 8]
7739 текущий максимум дипломов


номер итерации 138
[2, 1, 3, 5, 6, 4, 7, 8] текущие скоры, которые дают максимальное число дипломов
[2, 1, 3, 5, 6, 4, 7, 8] [2, 1, 3, 5, 7, 4, 7, 8] [2, 1, 3, 5, 5, 4, 7, 8]
7739 текущий максимум дипломов


номер итерации 139
[2, 1, 3, 5, 6, 4, 7, 8] текущие скоры, которые дают максимальное число дипломов
[2, 1, 3, 5, 6, 4, 7, 8] [2, 1, 4, 5, 6, 4, 7, 8] [2, 1, 2, 5, 6, 4, 7, 8]
7739 текущий максимум дипломов


номер итерации 140
[2, 1, 3, 5, 6, 4, 7, 8] текущие скоры, которые дают максимальное число дипломов
[2, 1, 3, 5, 6, 4, 7, 8] [2, 1, 3, 5, 6, 5, 7, 8] [2, 1, 3, 5, 6, 3, 7, 8]
7739 текущий максимум дипломов


номер итерации 141
[2, 1, 3, 5, 6, 4, 7, 8] текущие скоры, которые дают максимальное число дипломов
[2, 1, 3, 5, 6, 4, 7, 8] [2, 1, 3, 5, 7, 4, 7, 8] [2, 1, 3, 5, 5, 4, 7, 8]
7739 текущий максимум дипломов


номер итерации 142
[2, 1, 3, 5, 6, 4, 7, 8] текущие скоры, которые дают максимальное число дипломов
[2, 1, 3, 5, 6, 4, 7, 8] [2, 1, 3, 5, 9, 4, 7, 8] [2, 1, 3, 5, 5, 4, 7, 8]
7739 текущий максимум дипломов


номер итерации 143
[2, 1, 3, 5, 6, 4, 7, 8] текущие скоры, которые дают максимальное число дипломов
[2, 1, 3, 5, 6, 4, 7, 8] [3, 1, 3, 5, 6, 4, 7, 8] [1, 1, 3, 5, 6, 4, 7, 8]
7739 текущий максимум дипломов


номер итерации 144
[2, 1, 3, 5, 6, 4, 7, 8] текущие скоры, которые дают максимальное число дипломов
[2, 1, 3, 5, 6, 4, 7, 8] [2, 1, 3, 6, 6, 4, 7, 8] [2, 1, 3, 4, 6, 4, 7, 8]
7739 текущий максимум дипломов


номер итерации 145
[2, 1, 3, 5, 6, 4, 7, 8] текущие скоры, которые дают максимальное число дипломов
[2, 1, 3, 5, 6, 4, 7, 8] [2, 1, 3, 5, 6, 4, 7, 9] [2, 1, 3, 5, 6, 4, 7, 7]
7739 текущий максимум дипломов


номер итерации 146
[2, 1, 3, 5, 6, 4, 7, 8] текущие скоры, которые дают максимальное число дипломов
[2, 1, 3, 5, 6, 4, 7, 8] [2, 1, 3, 5, 6, 4, 7, 9] [2, 1, 3, 5, 6, 4, 7, 7]
7739 текущий максимум дипломов


номер итерации 147
[2, 1, 3, 5, 6, 4, 7, 8] текущие скоры, которые дают максимальное число дипломов
[2, 1, 3, 5, 6, 4, 7, 8] [2, 1, 3, 5, 9, 4, 7, 8] [2, 1, 3, 5, 5, 4, 7, 8]
7739 текущий максимум дипломов


номер итерации 148
[2, 1, 3, 5, 6, 4, 7, 8] текущие скоры, которые дают максимальное число дипломов
[2, 1, 3, 5, 6, 4, 7, 8] [2, 1, 3, 5, 6, 4, 7, 9] [2, 1, 3, 5, 6, 4, 7, 7]
7739 текущий максимум дипломов


номер итерации 149
[2, 1, 3, 5, 6, 4, 7, 8] текущие скоры, которые дают максимальное число дипломов
[2, 1, 3, 5, 6, 4, 7, 8] [2, 1, 3, 5, 6, 4, 8, 8] [2, 1, 3, 5, 6, 4, 6, 8]
7739 текущий максимум дипломов


номер итерации 150
[2, 1, 3, 5, 6, 4, 7, 8] текущие скоры, которые дают максимальное число дипломов
[2, 1, 3, 5, 6, 4, 7, 8] [2, 1, 3, 5, 6, 4, 7, 9] [2, 1, 3, 5, 6, 4, 7, 7]
7739 текущий максимум дипломов


номер итерации 151
[2, 1, 3, 5, 6, 4, 7, 8] текущие скоры, которые дают максимальное число дипломов
[2, 1, 3, 5, 6, 4, 7, 8] [2, 1, 4, 5, 6, 4, 7, 8] [2, 1, 2, 5, 6, 4, 7, 8]
7739 текущий максимум дипломов


номер итерации 152
[2, 1, 3, 5, 6, 4, 7, 8] текущие скоры, которые дают максимальное число дипломов
[2, 1, 3, 5, 6, 4, 7, 8] [2, 1, 3, 5, 6, 4, 7, 9] [2, 1, 3, 5, 6, 4, 7, 7]
7739 текущий максимум дипломов


номер итерации 153
[2, 1, 3, 5, 6, 4, 7, 8] текущие скоры, которые дают максимальное число дипломов
[2, 1, 3, 5, 6, 4, 7, 8] [3, 1, 3, 5, 6, 4, 7, 8] [1, 1, 3, 5, 6, 4, 7, 8]
7739 текущий максимум дипломов


номер итерации 154
[2, 1, 3, 5, 6, 4, 7, 8] текущие скоры, которые дают максимальное число дипломов
[2, 1, 3, 5, 6, 4, 7, 8] [2, 1, 3, 5, 6, 4, 7, 9] [2, 1, 3, 5, 6, 4, 7, 7]
7739 текущий максимум дипломов


номер итерации 155
[2, 1, 3, 5, 6, 4, 7, 8] текущие скоры, которые дают максимальное число дипломов
[2, 1, 3, 5, 6, 4, 7, 8] [2, 2, 3, 5, 6, 4, 7, 8] [2, 1, 3, 5, 6, 4, 7, 8]
7739 текущий максимум дипломов


номер итерации 156
[2, 1, 3, 5, 6, 4, 7, 8] текущие скоры, которые дают максимальное число дипломов
[2, 1, 3, 5, 6, 4, 7, 8] [2, 1, 3, 5, 7, 4, 7, 8] [2, 1, 3, 5, 5, 4, 7, 8]
7739 текущий максимум дипломов


номер итерации 157
[2, 1, 3, 5, 6, 4, 7, 8] текущие скоры, которые дают максимальное число дипломов
[2, 1, 3, 5, 6, 4, 7, 8] [2, 1, 3, 5, 9, 4, 7, 8] [2, 1, 3, 5, 5, 4, 7, 8]
7739 текущий максимум дипломов


номер итерации 158
[2, 1, 3, 5, 6, 4, 7, 8] текущие скоры, которые дают максимальное число дипломов
[2, 1, 3, 5, 6, 4, 7, 8] [2, 1, 3, 5, 7, 4, 7, 8] [2, 1, 3, 5, 5, 4, 7, 8]
7739 текущий максимум дипломов


номер итерации 159
[2, 1, 3, 5, 6, 4, 7, 8] текущие скоры, которые дают максимальное число дипломов
[2, 1, 3, 5, 6, 4, 7, 8] [2, 2, 3, 5, 6, 4, 7, 8] [2, 1, 3, 5, 6, 4, 7, 8]
7739 текущий максимум дипломов


номер итерации 160
[2, 1, 3, 5, 6, 4, 7, 8] текущие скоры, которые дают максимальное число дипломов
[2, 1, 3, 5, 6, 4, 7, 8] [2, 1, 3, 5, 7, 4, 7, 8] [2, 1, 3, 5, 5, 4, 7, 8]
7739 текущий максимум дипломов


номер итерации 161
[2, 1, 3, 5, 6, 4, 7, 8] текущие скоры, которые дают максимальное число дипломов
[2, 1, 3, 5, 6, 4, 7, 8] [2, 1, 3, 5, 6, 4, 8, 8] [2, 1, 3, 5, 6, 4, 6, 8]
7739 текущий максимум дипломов


номер итерации 162
[2, 1, 3, 5, 6, 4, 7, 8] текущие скоры, которые дают максимальное число дипломов
[2, 1, 3, 5, 6, 4, 7, 8] [2, 1, 3, 5, 6, 4, 7, 9] [2, 1, 3, 5, 6, 4, 7, 7]
7739 текущий максимум дипломов


номер итерации 163
[2, 1, 3, 5, 6, 4, 7, 8] текущие скоры, которые дают максимальное число дипломов
[2, 1, 3, 5, 6, 4, 7, 8] [3, 1, 3, 5, 6, 4, 7, 8] [1, 1, 3, 5, 6, 4, 7, 8]
7739 текущий максимум дипломов


номер итерации 164
[2, 1, 3, 5, 6, 4, 7, 8] текущие скоры, которые дают максимальное число дипломов
[2, 1, 3, 5, 6, 4, 7, 8] [2, 2, 3, 5, 6, 4, 7, 8] [2, 1, 3, 5, 6, 4, 7, 8]
7739 текущий максимум дипломов


номер итерации 165
[2, 1, 3, 5, 6, 4, 7, 8] текущие скоры, которые дают максимальное число дипломов
[2, 1, 3, 5, 6, 4, 7, 8] [2, 1, 3, 7, 6, 4, 7, 8] [2, 1, 3, 4, 6, 4, 7, 8]
7739 текущий максимум дипломов


номер итерации 166
[2, 1, 3, 5, 6, 4, 7, 8] текущие скоры, которые дают максимальное число дипломов
[2, 1, 3, 5, 6, 4, 7, 8] [2, 1, 3, 6, 6, 4, 7, 8] [2, 1, 3, 4, 6, 4, 7, 8]
7739 текущий максимум дипломов


номер итерации 167
[2, 1, 3, 5, 6, 4, 7, 8] текущие скоры, которые дают максимальное число дипломов
[2, 1, 3, 5, 6, 4, 7, 8] [2, 1, 3, 5, 6, 4, 8, 8] [2, 1, 3, 5, 6, 4, 6, 8]
7739 текущий максимум дипломов


номер итерации 168
[2, 1, 3, 5, 6, 4, 7, 8] текущие скоры, которые дают максимальное число дипломов
[2, 1, 3, 5, 6, 4, 7, 8] [2, 1, 4, 5, 6, 4, 7, 8] [2, 1, 2, 5, 6, 4, 7, 8]
7739 текущий максимум дипломов


номер итерации 169
[2, 1, 3, 5, 6, 4, 7, 8] текущие скоры, которые дают максимальное число дипломов
[2, 1, 3, 5, 6, 4, 7, 8] [2, 2, 3, 5, 6, 4, 7, 8] [2, 1, 3, 5, 6, 4, 7, 8]
7739 текущий максимум дипломов


номер итерации 170
[2, 1, 3, 5, 6, 4, 7, 8] текущие скоры, которые дают максимальное число дипломов
[2, 1, 3, 5, 6, 4, 7, 8] [2, 1, 3, 5, 6, 4, 8, 8] [2, 1, 3, 5, 6, 4, 6, 8]
7739 текущий максимум дипломов


номер итерации 171
[2, 1, 3, 5, 6, 4, 7, 8] текущие скоры, которые дают максимальное число дипломов
[2, 1, 3, 5, 6, 4, 7, 8] [2, 1, 3, 5, 7, 4, 7, 8] [2, 1, 3, 5, 5, 4, 7, 8]
7739 текущий максимум дипломов


номер итерации 172
[2, 1, 3, 5, 6, 4, 7, 8] текущие скоры, которые дают максимальное число дипломов
[2, 1, 3, 5, 6, 4, 7, 8] [2, 2, 3, 5, 6, 4, 7, 8] [2, 1, 3, 5, 6, 4, 7, 8]
7739 текущий максимум дипломов


номер итерации 173
[2, 1, 3, 5, 6, 4, 7, 8] текущие скоры, которые дают максимальное число дипломов
[2, 1, 3, 5, 6, 4, 7, 8] [2, 1, 3, 6, 6, 4, 7, 8] [2, 1, 3, 4, 6, 4, 7, 8]
7739 текущий максимум дипломов


номер итерации 174
[2, 1, 3, 5, 6, 4, 7, 8] текущие скоры, которые дают максимальное число дипломов
[2, 1, 3, 5, 6, 4, 7, 8] [2, 1, 3, 6, 6, 4, 7, 8] [2, 1, 3, 4, 6, 4, 7, 8]
7739 текущий максимум дипломов


номер итерации 175
[2, 1, 3, 5, 6, 4, 7, 8] текущие скоры, которые дают максимальное число дипломов
[2, 1, 3, 5, 6, 4, 7, 8] [2, 1, 3, 5, 6, 5, 7, 8] [2, 1, 3, 5, 6, 3, 7, 8]
7739 текущий максимум дипломов


номер итерации 176
[2, 1, 3, 5, 6, 4, 7, 8] текущие скоры, которые дают максимальное число дипломов
[2, 1, 3, 5, 6, 4, 7, 8] [3, 1, 3, 5, 6, 4, 7, 8] [1, 1, 3, 5, 6, 4, 7, 8]
7739 текущий максимум дипломов


номер итерации 177
[2, 1, 3, 5, 6, 4, 7, 8] текущие скоры, которые дают максимальное число дипломов
[2, 1, 3, 5, 6, 4, 7, 8] [2, 1, 4, 5, 6, 4, 7, 8] [2, 1, 2, 5, 6, 4, 7, 8]
7739 текущий максимум дипломов


номер итерации 178
[2, 1, 3, 5, 6, 4, 7, 8] текущие скоры, которые дают максимальное число дипломов
[2, 1, 3, 5, 6, 4, 7, 8] [2, 1, 4, 5, 6, 4, 7, 8] [2, 1, 2, 5, 6, 4, 7, 8]
7739 текущий максимум дипломов


номер итерации 179
[2, 1, 3, 5, 6, 4, 7, 8] текущие скоры, которые дают максимальное число дипломов
[2, 1, 3, 5, 6, 4, 7, 8] [2, 1, 3, 5, 6, 4, 8, 8] [2, 1, 3, 5, 6, 4, 6, 8]
7739 текущий максимум дипломов


номер итерации 180
[2, 1, 3, 5, 6, 4, 7, 8] текущие скоры, которые дают максимальное число дипломов
[2, 1, 3, 5, 6, 4, 7, 8] [2, 1, 3, 6, 6, 4, 7, 8] [2, 1, 3, 4, 6, 4, 7, 8]
7739 текущий максимум дипломов


номер итерации 181
[2, 1, 3, 5, 6, 4, 7, 8] текущие скоры, которые дают максимальное число дипломов
[2, 1, 3, 5, 6, 4, 7, 8] [2, 1, 4, 5, 6, 4, 7, 8] [2, 1, 2, 5, 6, 4, 7, 8]
7739 текущий максимум дипломов


номер итерации 182
[2, 1, 3, 5, 6, 4, 7, 8] текущие скоры, которые дают максимальное число дипломов
[2, 1, 3, 5, 6, 4, 7, 8] [2, 2, 3, 5, 6, 4, 7, 8] [2, 1, 3, 5, 6, 4, 7, 8]
7739 текущий максимум дипломов


номер итерации 183
[2, 1, 3, 5, 6, 4, 7, 8] текущие скоры, которые дают максимальное число дипломов
[2, 1, 3, 5, 6, 4, 7, 8] [2, 2, 3, 5, 6, 4, 7, 8] [2, 1, 3, 5, 6, 4, 7, 8]
7739 текущий максимум дипломов


номер итерации 184
[2, 1, 3, 5, 6, 4, 7, 8] текущие скоры, которые дают максимальное число дипломов
[2, 1, 3, 5, 6, 4, 7, 8] [2, 1, 3, 5, 6, 5, 7, 8] [2, 1, 3, 5, 6, 3, 7, 8]
7739 текущий максимум дипломов


номер итерации 185
[2, 1, 3, 5, 6, 4, 7, 8] текущие скоры, которые дают максимальное число дипломов
[2, 1, 3, 5, 6, 4, 7, 8] [2, 1, 3, 5, 6, 4, 7, 9] [2, 1, 3, 5, 6, 4, 7, 7]
7739 текущий максимум дипломов


номер итерации 186
[2, 1, 3, 5, 6, 4, 7, 8] текущие скоры, которые дают максимальное число дипломов
[2, 1, 3, 5, 6, 4, 7, 8] [2, 1, 4, 5, 6, 4, 7, 8] [2, 1, 2, 5, 6, 4, 7, 8]
7739 текущий максимум дипломов


номер итерации 187
[2, 1, 3, 5, 6, 4, 7, 8] текущие скоры, которые дают максимальное число дипломов
[2, 1, 3, 5, 6, 4, 7, 8] [2, 1, 3, 5, 6, 4, 8, 8] [2, 1, 3, 5, 6, 4, 6, 8]
7739 текущий максимум дипломов


номер итерации 188
[2, 1, 3, 5, 6, 4, 7, 8] текущие скоры, которые дают максимальное число дипломов
[2, 1, 3, 5, 6, 4, 7, 8] [2, 2, 3, 5, 6, 4, 7, 8] [2, 1, 3, 5, 6, 4, 7, 8]
7739 текущий максимум дипломов


номер итерации 189
[2, 1, 3, 5, 6, 4, 7, 8] текущие скоры, которые дают максимальное число дипломов
[2, 1, 3, 5, 6, 4, 7, 8] [2, 1, 3, 5, 6, 4, 8, 8] [2, 1, 3, 5, 6, 4, 6, 8]
7739 текущий максимум дипломов


номер итерации 190
[2, 1, 3, 5, 6, 4, 7, 8] текущие скоры, которые дают максимальное число дипломов
[2, 1, 3, 5, 6, 4, 7, 8] [2, 2, 3, 5, 6, 4, 7, 8] [2, 1, 3, 5, 6, 4, 7, 8]
7739 текущий максимум дипломов


номер итерации 191
[2, 1, 3, 5, 6, 4, 7, 8] текущие скоры, которые дают максимальное число дипломов
[2, 1, 3, 5, 6, 4, 7, 8] [3, 1, 3, 5, 6, 4, 7, 8] [1, 1, 3, 5, 6, 4, 7, 8]
7739 текущий максимум дипломов


номер итерации 192
[2, 1, 3, 5, 6, 4, 7, 8] текущие скоры, которые дают максимальное число дипломов
[2, 1, 3, 5, 6, 4, 7, 8] [2, 1, 3, 6, 6, 4, 7, 8] [2, 1, 3, 4, 6, 4, 7, 8]
7739 текущий максимум дипломов


номер итерации 193
[2, 1, 3, 5, 6, 4, 7, 8] текущие скоры, которые дают максимальное число дипломов
[2, 1, 3, 5, 6, 4, 7, 8] [2, 1, 3, 5, 6, 4, 7, 9] [2, 1, 3, 5, 6, 4, 7, 7]
7739 текущий максимум дипломов


номер итерации 194
[2, 1, 3, 5, 6, 4, 7, 8] текущие скоры, которые дают максимальное число дипломов
[2, 1, 3, 5, 6, 4, 7, 8] [2, 1, 3, 5, 7, 4, 7, 8] [2, 1, 3, 5, 5, 4, 7, 8]
7739 текущий максимум дипломов


номер итерации 195
[2, 1, 3, 5, 6, 4, 7, 8] текущие скоры, которые дают максимальное число дипломов
[2, 1, 3, 5, 6, 4, 7, 8] [2, 1, 3, 5, 6, 4, 8, 8] [2, 1, 3, 5, 6, 4, 6, 8]
7739 текущий максимум дипломов


номер итерации 196
[2, 1, 3, 5, 6, 4, 7, 8] текущие скоры, которые дают максимальное число дипломов
[2, 1, 3, 5, 6, 4, 7, 8] [2, 2, 3, 5, 6, 4, 7, 8] [2, 1, 3, 5, 6, 4, 7, 8]
7739 текущий максимум дипломов


номер итерации 197
[2, 1, 3, 5, 6, 4, 7, 8] текущие скоры, которые дают максимальное число дипломов
[2, 1, 3, 5, 6, 4, 7, 8] [2, 1, 3, 5, 6, 4, 7, 9] [2, 1, 3, 5, 6, 4, 7, 7]
7739 текущий максимум дипломов


номер итерации 198
[2, 1, 3, 5, 6, 4, 7, 8] текущие скоры, которые дают максимальное число дипломов
[2, 1, 3, 5, 6, 4, 7, 8] [2, 2, 3, 5, 6, 4, 7, 8] [2, 1, 3, 5, 6, 4, 7, 8]
7739 текущий максимум дипломов


номер итерации 199
[2, 1, 3, 5, 6, 4, 7, 8] текущие скоры, которые дают максимальное число дипломов
[2, 1, 3, 5, 6, 4, 7, 8] [2, 1, 3, 5, 6, 5, 7, 8] [2, 1, 3, 5, 6, 3, 7, 8]
7739 текущий максимум дипломов


номер итерации 200
[2, 1, 3, 5, 6, 4, 7, 8] текущие скоры, которые дают максимальное число дипломов
[2, 1, 3, 5, 6, 4, 7, 8] [2, 1, 3, 5, 6, 4, 8, 8] [2, 1, 3, 5, 6, 4, 6, 8]
7739 текущий максимум дипломов


номер итерации 201
[2, 1, 3, 5, 6, 4, 7, 8] текущие скоры, которые дают максимальное число дипломов
[2, 1, 3, 5, 6, 4, 7, 8] [2, 1, 3, 6, 6, 4, 7, 8] [2, 1, 3, 4, 6, 4, 7, 8]
7739 текущий максимум дипломов


номер итерации 202
[2, 1, 3, 5, 6, 4, 7, 8] текущие скоры, которые дают максимальное число дипломов
[2, 1, 3, 5, 6, 4, 7, 8] [2, 1, 3, 5, 7, 4, 7, 8] [2, 1, 3, 5, 5, 4, 7, 8]
7739 текущий максимум дипломов


номер итерации 203
[2, 1, 3, 5, 6, 4, 7, 8] текущие скоры, которые дают максимальное число дипломов
[2, 1, 3, 5, 6, 4, 7, 8] [2, 1, 4, 5, 6, 4, 7, 8] [2, 1, 2, 5, 6, 4, 7, 8]
7739 текущий максимум дипломов


номер итерации 204
[2, 1, 3, 5, 6, 4, 7, 8] текущие скоры, которые дают максимальное число дипломов
[2, 1, 3, 5, 6, 4, 7, 8] [2, 1, 3, 5, 6, 4, 8, 8] [2, 1, 3, 5, 6, 4, 6, 8]
7739 текущий максимум дипломов


номер итерации 205
[2, 1, 3, 5, 6, 4, 7, 8] текущие скоры, которые дают максимальное число дипломов
[2, 1, 3, 5, 6, 4, 7, 8] [2, 2, 3, 5, 6, 4, 7, 8] [2, 1, 3, 5, 6, 4, 7, 8]
7739 текущий максимум дипломов


номер итерации 206
[2, 1, 3, 5, 6, 4, 7, 8] текущие скоры, которые дают максимальное число дипломов
[2, 1, 3, 5, 6, 4, 7, 8] [2, 1, 3, 5, 7, 4, 7, 8] [2, 1, 3, 5, 5, 4, 7, 8]
7739 текущий максимум дипломов


номер итерации 207
[2, 1, 3, 5, 6, 4, 7, 8] текущие скоры, которые дают максимальное число дипломов
[2, 1, 3, 5, 6, 4, 7, 8] [2, 1, 3, 5, 6, 5, 7, 8] [2, 1, 3, 5, 6, 3, 7, 8]
7739 текущий максимум дипломов


номер итерации 208
[2, 1, 3, 5, 6, 4, 7, 8] текущие скоры, которые дают максимальное число дипломов
[2, 1, 3, 5, 6, 4, 7, 8] [2, 1, 3, 5, 6, 5, 7, 8] [2, 1, 3, 5, 6, 3, 7, 8]
7739 текущий максимум дипломов


номер итерации 209
[2, 1, 3, 5, 6, 4, 7, 8] текущие скоры, которые дают максимальное число дипломов
[2, 1, 3, 5, 6, 4, 7, 8] [2, 2, 3, 5, 6, 4, 7, 8] [2, 1, 3, 5, 6, 4, 7, 8]
7739 текущий максимум дипломов


номер итерации 210
[2, 1, 3, 5, 6, 4, 7, 8] текущие скоры, которые дают максимальное число дипломов
[2, 1, 3, 5, 6, 4, 7, 8] [2, 1, 3, 5, 6, 4, 7, 9] [2, 1, 3, 5, 6, 4, 7, 7]
7739 текущий максимум дипломов


номер итерации 211
[2, 1, 3, 5, 6, 4, 7, 8] текущие скоры, которые дают максимальное число дипломов
[2, 1, 3, 5, 6, 4, 7, 8] [2, 1, 3, 5, 6, 5, 7, 8] [2, 1, 3, 5, 6, 3, 7, 8]
7739 текущий максимум дипломов


номер итерации 212
[2, 1, 3, 5, 6, 4, 7, 8] текущие скоры, которые дают максимальное число дипломов
[2, 1, 3, 5, 6, 4, 7, 8] [2, 1, 3, 5, 7, 4, 7, 8] [2, 1, 3, 5, 5, 4, 7, 8]
7739 текущий максимум дипломов


номер итерации 213
[2, 1, 3, 5, 6, 4, 7, 8] текущие скоры, которые дают максимальное число дипломов
[2, 1, 3, 5, 6, 4, 7, 8] [2, 2, 3, 5, 6, 4, 7, 8] [2, 1, 3, 5, 6, 4, 7, 8]
7739 текущий максимум дипломов


номер итерации 214
[2, 1, 3, 5, 6, 4, 7, 8] текущие скоры, которые дают максимальное число дипломов
[2, 1, 3, 5, 6, 4, 7, 8] [2, 2, 3, 5, 6, 4, 7, 8] [2, 1, 3, 5, 6, 4, 7, 8]
7739 текущий максимум дипломов


номер итерации 215
[2, 1, 3, 5, 6, 4, 7, 8] текущие скоры, которые дают максимальное число дипломов
[2, 1, 3, 5, 6, 4, 7, 8] [2, 1, 3, 5, 6, 5, 7, 8] [2, 1, 3, 5, 6, 3, 7, 8]
7739 текущий максимум дипломов


номер итерации 216
[2, 1, 3, 5, 6, 4, 7, 8] текущие скоры, которые дают максимальное число дипломов
[2, 1, 3, 5, 6, 4, 7, 8] [2, 1, 3, 5, 7, 4, 7, 8] [2, 1, 3, 5, 5, 4, 7, 8]
7739 текущий максимум дипломов


номер итерации 217
[2, 1, 3, 5, 6, 4, 7, 8] текущие скоры, которые дают максимальное число дипломов
[2, 1, 3, 5, 6, 4, 7, 8] [2, 1, 4, 5, 6, 4, 7, 8] [2, 1, 2, 5, 6, 4, 7, 8]
7739 текущий максимум дипломов


номер итерации 218
[2, 1, 3, 5, 6, 4, 7, 8] текущие скоры, которые дают максимальное число дипломов
[2, 1, 3, 5, 6, 4, 7, 8] [2, 1, 3, 5, 9, 4, 7, 8] [2, 1, 3, 5, 5, 4, 7, 8]
7739 текущий максимум дипломов


номер итерации 219
[2, 1, 3, 5, 6, 4, 7, 8] текущие скоры, которые дают максимальное число дипломов
[2, 1, 3, 5, 6, 4, 7, 8] [3, 1, 3, 5, 6, 4, 7, 8] [1, 1, 3, 5, 6, 4, 7, 8]
7739 текущий максимум дипломов


номер итерации 220
[2, 1, 3, 5, 6, 4, 7, 8] текущие скоры, которые дают максимальное число дипломов
[2, 1, 3, 5, 6, 4, 7, 8] [3, 1, 3, 5, 6, 4, 7, 8] [1, 1, 3, 5, 6, 4, 7, 8]
7739 текущий максимум дипломов


номер итерации 221
[2, 1, 3, 5, 6, 4, 7, 8] текущие скоры, которые дают максимальное число дипломов
[2, 1, 3, 5, 6, 4, 7, 8] [2, 1, 3, 5, 7, 4, 7, 8] [2, 1, 3, 5, 5, 4, 7, 8]
7739 текущий максимум дипломов


номер итерации 222
[2, 1, 3, 5, 6, 4, 7, 8] текущие скоры, которые дают максимальное число дипломов
[2, 1, 3, 5, 6, 4, 7, 8] [3, 1, 3, 5, 6, 4, 7, 8] [1, 1, 3, 5, 6, 4, 7, 8]
7739 текущий максимум дипломов


номер итерации 223
[2, 1, 3, 5, 6, 4, 7, 8] текущие скоры, которые дают максимальное число дипломов
[2, 1, 3, 5, 6, 4, 7, 8] [2, 2, 3, 5, 6, 4, 7, 8] [2, 1, 3, 5, 6, 4, 7, 8]
7739 текущий максимум дипломов


номер итерации 224
[2, 1, 3, 5, 6, 4, 7, 8] текущие скоры, которые дают максимальное число дипломов
[2, 1, 3, 5, 6, 4, 7, 8] [2, 1, 3, 5, 6, 6, 7, 8] [2, 1, 3, 5, 6, 3, 7, 8]
7739 текущий максимум дипломов


номер итерации 225
[2, 1, 3, 5, 6, 4, 7, 8] текущие скоры, которые дают максимальное число дипломов
[2, 1, 3, 5, 6, 4, 7, 8] [2, 1, 3, 5, 6, 4, 7, 9] [2, 1, 3, 5, 6, 4, 7, 7]
7739 текущий максимум дипломов


номер итерации 226
[2, 1, 3, 5, 6, 4, 7, 8] текущие скоры, которые дают максимальное число дипломов
[2, 1, 3, 5, 6, 4, 7, 8] [2, 1, 4, 5, 6, 4, 7, 8] [2, 1, 2, 5, 6, 4, 7, 8]
7739 текущий максимум дипломов


номер итерации 227
[2, 1, 3, 5, 6, 4, 7, 8] текущие скоры, которые дают максимальное число дипломов
[2, 1, 3, 5, 6, 4, 7, 8] [2, 2, 3, 5, 6, 4, 7, 8] [2, 1, 3, 5, 6, 4, 7, 8]
7739 текущий максимум дипломов


номер итерации 228
[2, 1, 3, 5, 6, 4, 7, 8] текущие скоры, которые дают максимальное число дипломов
[2, 1, 3, 5, 6, 4, 7, 8] [3, 1, 3, 5, 6, 4, 7, 8] [1, 1, 3, 5, 6, 4, 7, 8]
7739 текущий максимум дипломов


номер итерации 229
[2, 1, 3, 5, 6, 4, 7, 8] текущие скоры, которые дают максимальное число дипломов
[2, 1, 3, 5, 6, 4, 7, 8] [2, 1, 3, 5, 7, 4, 7, 8] [2, 1, 3, 5, 5, 4, 7, 8]
7739 текущий максимум дипломов


номер итерации 230
[2, 1, 3, 5, 6, 4, 7, 8] текущие скоры, которые дают максимальное число дипломов
[2, 1, 3, 5, 6, 4, 7, 8] [2, 1, 3, 6, 6, 4, 7, 8] [2, 1, 3, 4, 6, 4, 7, 8]
7739 текущий максимум дипломов


номер итерации 231
[2, 1, 3, 5, 6, 4, 7, 8] текущие скоры, которые дают максимальное число дипломов
[2, 1, 3, 5, 6, 4, 7, 8] [2, 1, 3, 5, 6, 4, 7, 9] [2, 1, 3, 5, 6, 4, 7, 7]
7739 текущий максимум дипломов


номер итерации 232
[2, 1, 3, 5, 6, 4, 7, 8] текущие скоры, которые дают максимальное число дипломов
[2, 1, 3, 5, 6, 4, 7, 8] [3, 1, 3, 5, 6, 4, 7, 8] [1, 1, 3, 5, 6, 4, 7, 8]
7739 текущий максимум дипломов


номер итерации 233
[2, 1, 3, 5, 6, 4, 7, 8] текущие скоры, которые дают максимальное число дипломов
[2, 1, 3, 5, 6, 4, 7, 8] [2, 1, 3, 5, 6, 4, 8, 8] [2, 1, 3, 5, 6, 4, 6, 8]
7739 текущий максимум дипломов


номер итерации 234
[2, 1, 3, 5, 6, 4, 7, 8] текущие скоры, которые дают максимальное число дипломов
[2, 1, 3, 5, 6, 4, 7, 8] [2, 1, 4, 5, 6, 4, 7, 8] [2, 1, 2, 5, 6, 4, 7, 8]
7739 текущий максимум дипломов


номер итерации 235
[2, 1, 3, 5, 6, 4, 7, 8] текущие скоры, которые дают максимальное число дипломов
[2, 1, 3, 5, 6, 4, 7, 8] [2, 1, 3, 5, 6, 6, 7, 8] [2, 1, 3, 5, 6, 3, 7, 8]
7739 текущий максимум дипломов


номер итерации 236
[2, 1, 3, 5, 6, 4, 7, 8] текущие скоры, которые дают максимальное число дипломов
[2, 1, 3, 5, 6, 4, 7, 8] [2, 1, 4, 5, 6, 4, 7, 8] [2, 1, 2, 5, 6, 4, 7, 8]
7739 текущий максимум дипломов


номер итерации 237
[2, 1, 3, 5, 6, 4, 7, 8] текущие скоры, которые дают максимальное число дипломов
[2, 1, 3, 5, 6, 4, 7, 8] [2, 1, 3, 5, 6, 4, 7, 8] [2, 1, 3, 5, 6, 4, 7, 8]
7739 текущий максимум дипломов


номер итерации 238
[2, 1, 3, 5, 6, 4, 7, 8] текущие скоры, которые дают максимальное число дипломов
[2, 1, 3, 5, 6, 4, 7, 8] [2, 1, 3, 5, 6, 4, 7, 9] [2, 1, 3, 5, 6, 4, 7, 7]
7739 текущий максимум дипломов


номер итерации 239
[2, 1, 3, 5, 6, 4, 7, 8] текущие скоры, которые дают максимальное число дипломов
[2, 1, 3, 5, 6, 4, 7, 8] [2, 1, 3, 5, 6, 4, 8, 8] [2, 1, 3, 5, 6, 4, 6, 8]
7739 текущий максимум дипломов


номер итерации 240
[2, 1, 3, 5, 6, 4, 7, 8] текущие скоры, которые дают максимальное число дипломов
[2, 1, 3, 5, 6, 4, 7, 8] [2, 1, 3, 5, 6, 5, 7, 8] [2, 1, 3, 5, 6, 3, 7, 8]
7739 текущий максимум дипломов


номер итерации 241
[2, 1, 3, 5, 6, 4, 7, 8] текущие скоры, которые дают максимальное число дипломов
[2, 1, 3, 5, 6, 4, 7, 8] [3, 1, 3, 5, 6, 4, 7, 8] [1, 1, 3, 5, 6, 4, 7, 8]
7739 текущий максимум дипломов


номер итерации 242
[2, 1, 3, 5, 6, 4, 7, 8] текущие скоры, которые дают максимальное число дипломов
[2, 1, 3, 5, 6, 4, 7, 8] [2, 1, 3, 6, 6, 4, 7, 8] [2, 1, 3, 4, 6, 4, 7, 8]
7739 текущий максимум дипломов


номер итерации 243
[2, 1, 3, 5, 6, 4, 7, 8] текущие скоры, которые дают максимальное число дипломов
[2, 1, 3, 5, 6, 4, 7, 8] [2, 1, 4, 5, 6, 4, 7, 8] [2, 1, 2, 5, 6, 4, 7, 8]
7739 текущий максимум дипломов


номер итерации 244
[2, 1, 3, 5, 6, 4, 7, 8] текущие скоры, которые дают максимальное число дипломов
[2, 1, 3, 5, 6, 4, 7, 8] [3, 1, 3, 5, 6, 4, 7, 8] [1, 1, 3, 5, 6, 4, 7, 8]
7739 текущий максимум дипломов


номер итерации 245
[2, 1, 3, 5, 6, 4, 7, 8] текущие скоры, которые дают максимальное число дипломов
[2, 1, 3, 5, 6, 4, 7, 8] [2, 1, 3, 5, 6, 4, 7, 9] [2, 1, 3, 5, 6, 4, 7, 7]
7739 текущий максимум дипломов


номер итерации 246
[2, 1, 3, 5, 6, 4, 7, 8] текущие скоры, которые дают максимальное число дипломов
[2, 1, 3, 5, 6, 4, 7, 8] [2, 1, 3, 5, 9, 4, 7, 8] [2, 1, 3, 5, 5, 4, 7, 8]
7739 текущий максимум дипломов


номер итерации 247
[2, 1, 3, 5, 6, 4, 7, 8] текущие скоры, которые дают максимальное число дипломов
[2, 1, 3, 5, 6, 4, 7, 8] [2, 1, 4, 5, 6, 4, 7, 8] [2, 1, 2, 5, 6, 4, 7, 8]
7739 текущий максимум дипломов


номер итерации 248
[2, 1, 3, 5, 6, 4, 7, 8] текущие скоры, которые дают максимальное число дипломов
[2, 1, 3, 5, 6, 4, 7, 8] [2, 1, 3, 5, 7, 4, 7, 8] [2, 1, 3, 5, 5, 4, 7, 8]
7739 текущий максимум дипломов


номер итерации 249
[2, 1, 3, 5, 6, 4, 7, 8] текущие скоры, которые дают максимальное число дипломов
[2, 1, 3, 5, 6, 4, 7, 8] [2, 1, 4, 5, 6, 4, 7, 8] [2, 1, 2, 5, 6, 4, 7, 8]
7739 текущий максимум дипломов


номер итерации 250
[2, 1, 3, 5, 6, 4, 7, 8] текущие скоры, которые дают максимальное число дипломов
[2, 1, 3, 5, 6, 4, 7, 8] [2, 1, 4, 5, 6, 4, 7, 8] [2, 1, 2, 5, 6, 4, 7, 8]
7739 текущий максимум дипломов


номер итерации 251
[2, 1, 3, 5, 6, 4, 7, 8] текущие скоры, которые дают максимальное число дипломов
[2, 1, 3, 5, 6, 4, 7, 8] [3, 1, 3, 5, 6, 4, 7, 8] [1, 1, 3, 5, 6, 4, 7, 8]
7739 текущий максимум дипломов


номер итерации 252
[2, 1, 3, 5, 6, 4, 7, 8] текущие скоры, которые дают максимальное число дипломов
[2, 1, 3, 5, 6, 4, 7, 8] [2, 1, 3, 5, 7, 4, 7, 8] [2, 1, 3, 5, 5, 4, 7, 8]
7739 текущий максимум дипломов


номер итерации 253
[2, 1, 3, 5, 6, 4, 7, 8] текущие скоры, которые дают максимальное число дипломов
[2, 1, 3, 5, 6, 4, 7, 8] [2, 1, 3, 5, 6, 4, 7, 9] [2, 1, 3, 5, 6, 4, 7, 7]
7739 текущий максимум дипломов


номер итерации 254
[2, 1, 3, 5, 6, 4, 7, 8] текущие скоры, которые дают максимальное число дипломов
[2, 1, 3, 5, 6, 4, 7, 8] [3, 1, 3, 5, 6, 4, 7, 8] [1, 1, 3, 5, 6, 4, 7, 8]
7739 текущий максимум дипломов


номер итерации 255
[2, 1, 3, 5, 6, 4, 7, 8] текущие скоры, которые дают максимальное число дипломов
[2, 1, 3, 5, 6, 4, 7, 8] [2, 1, 3, 5, 6, 4, 8, 8] [2, 1, 3, 5, 6, 4, 6, 8]
7739 текущий максимум дипломов


номер итерации 256
[2, 1, 3, 5, 6, 4, 7, 8] текущие скоры, которые дают максимальное число дипломов
[2, 1, 3, 5, 6, 4, 7, 8] [2, 1, 3, 5, 6, 4, 7, 9] [2, 1, 3, 5, 6, 4, 7, 7]
7739 текущий максимум дипломов


номер итерации 257
[2, 1, 3, 5, 6, 4, 7, 8] текущие скоры, которые дают максимальное число дипломов
[2, 1, 3, 5, 6, 4, 7, 8] [2, 1, 3, 5, 6, 4, 7, 12] [2, 1, 3, 5, 6, 4, 7, 7]
7739 текущий максимум дипломов


номер итерации 258
[2, 1, 3, 5, 6, 4, 7, 8] текущие скоры, которые дают максимальное число дипломов
[2, 1, 3, 5, 6, 4, 7, 8] [2, 2, 3, 5, 6, 4, 7, 8] [2, 1, 3, 5, 6, 4, 7, 8]
7739 текущий максимум дипломов


номер итерации 259
[2, 1, 3, 5, 6, 4, 7, 8] текущие скоры, которые дают максимальное число дипломов
[2, 1, 3, 5, 6, 4, 7, 8] [3, 1, 3, 5, 6, 4, 7, 8] [1, 1, 3, 5, 6, 4, 7, 8]
7739 текущий максимум дипломов


номер итерации 260
[2, 1, 3, 5, 6, 4, 7, 8] текущие скоры, которые дают максимальное число дипломов
[2, 1, 3, 5, 6, 4, 7, 8] [2, 1, 3, 5, 6, 4, 7, 9] [2, 1, 3, 5, 6, 4, 7, 7]
7739 текущий максимум дипломов


номер итерации 261
[2, 1, 3, 5, 6, 4, 7, 8] текущие скоры, которые дают максимальное число дипломов
[2, 1, 3, 5, 6, 4, 7, 8] [2, 1, 3, 5, 6, 4, 7, 9] [2, 1, 3, 5, 6, 4, 7, 7]
7739 текущий максимум дипломов


номер итерации 262
[2, 1, 3, 5, 6, 4, 7, 8] текущие скоры, которые дают максимальное число дипломов
[2, 1, 3, 5, 6, 4, 7, 8] [2, 1, 3, 5, 7, 4, 7, 8] [2, 1, 3, 5, 5, 4, 7, 8]
7739 текущий максимум дипломов


номер итерации 263
[2, 1, 3, 5, 6, 4, 7, 8] текущие скоры, которые дают максимальное число дипломов
[2, 1, 3, 5, 6, 4, 7, 8] [3, 1, 3, 5, 6, 4, 7, 8] [1, 1, 3, 5, 6, 4, 7, 8]
7739 текущий максимум дипломов


номер итерации 264
[2, 1, 3, 5, 6, 4, 7, 8] текущие скоры, которые дают максимальное число дипломов
[2, 1, 3, 5, 6, 4, 7, 8] [3, 1, 3, 5, 6, 4, 7, 8] [1, 1, 3, 5, 6, 4, 7, 8]
7739 текущий максимум дипломов


номер итерации 265
[2, 1, 3, 5, 6, 4, 7, 8] текущие скоры, которые дают максимальное число дипломов
[2, 1, 3, 5, 6, 4, 7, 8] [3, 1, 3, 5, 6, 4, 7, 8] [1, 1, 3, 5, 6, 4, 7, 8]
7739 текущий максимум дипломов


номер итерации 266
[2, 1, 3, 5, 6, 4, 7, 8] текущие скоры, которые дают максимальное число дипломов
[2, 1, 3, 5, 6, 4, 7, 8] [2, 1, 3, 6, 6, 4, 7, 8] [2, 1, 3, 4, 6, 4, 7, 8]
7739 текущий максимум дипломов


номер итерации 267
[2, 1, 3, 5, 6, 4, 7, 8] текущие скоры, которые дают максимальное число дипломов
[2, 1, 3, 5, 6, 4, 7, 8] [2, 2, 3, 5, 6, 4, 7, 8] [2, 1, 3, 5, 6, 4, 7, 8]
7739 текущий максимум дипломов


номер итерации 268
[2, 1, 3, 5, 6, 4, 7, 8] текущие скоры, которые дают максимальное число дипломов
[2, 1, 3, 5, 6, 4, 7, 8] [2, 1, 4, 5, 6, 4, 7, 8] [2, 1, 2, 5, 6, 4, 7, 8]
7739 текущий максимум дипломов


номер итерации 269
[2, 1, 3, 5, 6, 4, 7, 8] текущие скоры, которые дают максимальное число дипломов
[2, 1, 3, 5, 6, 4, 7, 8] [2, 1, 4, 5, 6, 4, 7, 8] [2, 1, 2, 5, 6, 4, 7, 8]
7739 текущий максимум дипломов


номер итерации 270
[2, 1, 3, 5, 6, 4, 7, 8] текущие скоры, которые дают максимальное число дипломов
[2, 1, 3, 5, 6, 4, 7, 8] [2, 1, 3, 5, 6, 4, 7, 9] [2, 1, 3, 5, 6, 4, 7, 7]
7739 текущий максимум дипломов


номер итерации 271
[2, 1, 3, 5, 6, 4, 7, 8] текущие скоры, которые дают максимальное число дипломов
[2, 1, 3, 5, 6, 4, 7, 8] [2, 2, 3, 5, 6, 4, 7, 8] [2, 1, 3, 5, 6, 4, 7, 8]
7739 текущий максимум дипломов


номер итерации 272
[2, 1, 3, 5, 6, 4, 7, 8] текущие скоры, которые дают максимальное число дипломов
[2, 1, 3, 5, 6, 4, 7, 8] [2, 1, 3, 5, 6, 4, 8, 8] [2, 1, 3, 5, 6, 4, 6, 8]
7739 текущий максимум дипломов


номер итерации 273
[2, 1, 3, 5, 6, 4, 7, 8] текущие скоры, которые дают максимальное число дипломов
[2, 1, 3, 5, 6, 4, 7, 8] [2, 1, 3, 5, 6, 5, 7, 8] [2, 1, 3, 5, 6, 3, 7, 8]
7739 текущий максимум дипломов


номер итерации 274
[2, 1, 3, 5, 6, 4, 7, 8] текущие скоры, которые дают максимальное число дипломов
[2, 1, 3, 5, 6, 4, 7, 8] [2, 1, 3, 5, 6, 5, 7, 8] [2, 1, 3, 5, 6, 3, 7, 8]
7739 текущий максимум дипломов


номер итерации 275
[2, 1, 3, 5, 6, 4, 7, 8] текущие скоры, которые дают максимальное число дипломов
[2, 1, 3, 5, 6, 4, 7, 8] [2, 1, 3, 5, 7, 4, 7, 8] [2, 1, 3, 5, 5, 4, 7, 8]
7739 текущий максимум дипломов


номер итерации 276
[2, 1, 3, 5, 6, 4, 7, 8] текущие скоры, которые дают максимальное число дипломов
[2, 1, 3, 5, 6, 4, 7, 8] [2, 1, 4, 5, 6, 4, 7, 8] [2, 1, 2, 5, 6, 4, 7, 8]
7739 текущий максимум дипломов


номер итерации 277
[2, 1, 3, 5, 6, 4, 7, 8] текущие скоры, которые дают максимальное число дипломов
[2, 1, 3, 5, 6, 4, 7, 8] [2, 1, 4, 5, 6, 4, 7, 8] [2, 1, 2, 5, 6, 4, 7, 8]
7739 текущий максимум дипломов


номер итерации 278
[2, 1, 3, 5, 6, 4, 7, 8] текущие скоры, которые дают максимальное число дипломов
[2, 1, 3, 5, 6, 4, 7, 8] [3, 1, 3, 5, 6, 4, 7, 8] [1, 1, 3, 5, 6, 4, 7, 8]
7739 текущий максимум дипломов


номер итерации 279
[2, 1, 3, 5, 6, 4, 7, 8] текущие скоры, которые дают максимальное число дипломов
[2, 1, 3, 5, 6, 4, 7, 8] [2, 1, 3, 5, 6, 4, 7, 9] [2, 1, 3, 5, 6, 4, 7, 7]
7739 текущий максимум дипломов


номер итерации 280
[2, 1, 3, 5, 6, 4, 7, 8] текущие скоры, которые дают максимальное число дипломов
[2, 1, 3, 5, 6, 4, 7, 8] [2, 1, 3, 6, 6, 4, 7, 8] [2, 1, 3, 4, 6, 4, 7, 8]
7739 текущий максимум дипломов


номер итерации 281
[2, 1, 3, 5, 6, 4, 7, 8] текущие скоры, которые дают максимальное число дипломов
[2, 1, 3, 5, 6, 4, 7, 8] [2, 1, 3, 5, 6, 4, 8, 8] [2, 1, 3, 5, 6, 4, 6, 8]
7739 текущий максимум дипломов


номер итерации 282
[2, 1, 3, 5, 6, 4, 7, 8] текущие скоры, которые дают максимальное число дипломов
[2, 1, 3, 5, 6, 4, 7, 8] [2, 1, 3, 5, 6, 4, 7, 9] [2, 1, 3, 5, 6, 4, 7, 7]
7739 текущий максимум дипломов


номер итерации 283
[2, 1, 3, 5, 6, 4, 7, 8] текущие скоры, которые дают максимальное число дипломов
[2, 1, 3, 5, 6, 4, 7, 8] [2, 1, 3, 5, 6, 4, 7, 9] [2, 1, 3, 5, 6, 4, 7, 7]
7739 текущий максимум дипломов


номер итерации 284
[2, 1, 3, 5, 6, 4, 7, 8] текущие скоры, которые дают максимальное число дипломов
[2, 1, 3, 5, 6, 4, 7, 8] [2, 2, 3, 5, 6, 4, 7, 8] [2, 1, 3, 5, 6, 4, 7, 8]
7739 текущий максимум дипломов


номер итерации 285
[2, 1, 3, 5, 6, 4, 7, 8] текущие скоры, которые дают максимальное число дипломов
[2, 1, 3, 5, 6, 4, 7, 8] [2, 1, 3, 5, 6, 4, 7, 9] [2, 1, 3, 5, 6, 4, 7, 7]
7739 текущий максимум дипломов


номер итерации 286
[2, 1, 3, 5, 6, 4, 7, 8] текущие скоры, которые дают максимальное число дипломов
[2, 1, 3, 5, 6, 4, 7, 8] [2, 2, 3, 5, 6, 4, 7, 8] [2, 1, 3, 5, 6, 4, 7, 8]
7739 текущий максимум дипломов


номер итерации 287
[2, 1, 3, 5, 6, 4, 7, 8] текущие скоры, которые дают максимальное число дипломов
[2, 1, 3, 5, 6, 4, 7, 8] [2, 1, 3, 7, 6, 4, 7, 8] [2, 1, 3, 4, 6, 4, 7, 8]
7739 текущий максимум дипломов


номер итерации 288
[2, 1, 3, 5, 6, 4, 7, 8] текущие скоры, которые дают максимальное число дипломов
[2, 1, 3, 5, 6, 4, 7, 8] [2, 1, 3, 5, 7, 4, 7, 8] [2, 1, 3, 5, 5, 4, 7, 8]
7739 текущий максимум дипломов


номер итерации 289
[2, 1, 3, 5, 6, 4, 7, 8] текущие скоры, которые дают максимальное число дипломов
[2, 1, 3, 5, 6, 4, 7, 8] [2, 1, 3, 5, 6, 4, 8, 8] [2, 1, 3, 5, 6, 4, 6, 8]
7739 текущий максимум дипломов


номер итерации 290
[2, 1, 3, 5, 6, 4, 7, 8] текущие скоры, которые дают максимальное число дипломов
[2, 1, 3, 5, 6, 4, 7, 8] [2, 2, 3, 5, 6, 4, 7, 8] [2, 1, 3, 5, 6, 4, 7, 8]
7739 текущий максимум дипломов


номер итерации 291
[2, 1, 3, 5, 6, 4, 7, 8] текущие скоры, которые дают максимальное число дипломов
[2, 1, 3, 5, 6, 4, 7, 8] [2, 1, 3, 5, 7, 4, 7, 8] [2, 1, 3, 5, 5, 4, 7, 8]
7739 текущий максимум дипломов


номер итерации 292
[2, 1, 3, 5, 6, 4, 7, 8] текущие скоры, которые дают максимальное число дипломов
[2, 1, 3, 5, 6, 4, 7, 8] [2, 1, 3, 5, 6, 4, 8, 8] [2, 1, 3, 5, 6, 4, 6, 8]
7739 текущий максимум дипломов


номер итерации 293
[2, 1, 3, 5, 6, 4, 7, 8] текущие скоры, которые дают максимальное число дипломов
[2, 1, 3, 5, 6, 4, 7, 8] [2, 1, 3, 6, 6, 4, 7, 8] [2, 1, 3, 4, 6, 4, 7, 8]
7739 текущий максимум дипломов


номер итерации 294
[2, 1, 3, 5, 6, 4, 7, 8] текущие скоры, которые дают максимальное число дипломов
[2, 1, 3, 5, 6, 4, 7, 8] [2, 2, 3, 5, 6, 4, 7, 8] [2, 1, 3, 5, 6, 4, 7, 8]
7739 текущий максимум дипломов


номер итерации 295
[2, 1, 3, 5, 6, 4, 7, 8] текущие скоры, которые дают максимальное число дипломов
[2, 1, 3, 5, 6, 4, 7, 8] [2, 1, 3, 5, 6, 5, 7, 8] [2, 1, 3, 5, 6, 3, 7, 8]
7739 текущий максимум дипломов


номер итерации 296
[2, 1, 3, 5, 6, 4, 7, 8] текущие скоры, которые дают максимальное число дипломов
[2, 1, 3, 5, 6, 4, 7, 8] [2, 1, 3, 5, 6, 5, 7, 8] [2, 1, 3, 5, 6, 3, 7, 8]
7739 текущий максимум дипломов


номер итерации 297
[2, 1, 3, 5, 6, 4, 7, 8] текущие скоры, которые дают максимальное число дипломов
[2, 1, 3, 5, 6, 4, 7, 8] [2, 1, 3, 5, 7, 4, 7, 8] [2, 1, 3, 5, 5, 4, 7, 8]
7739 текущий максимум дипломов


номер итерации 298
[2, 1, 3, 5, 6, 4, 7, 8] текущие скоры, которые дают максимальное число дипломов
[2, 1, 3, 5, 6, 4, 7, 8] [2, 1, 3, 5, 6, 4, 8, 8] [2, 1, 3, 5, 6, 4, 6, 8]
7739 текущий максимум дипломов


номер итерации 299
[2, 1, 3, 5, 6, 4, 7, 8] текущие скоры, которые дают максимальное число дипломов
[2, 1, 3, 5, 6, 4, 7, 8] [2, 1, 3, 6, 6, 4, 7, 8] [2, 1, 3, 4, 6, 4, 7, 8]
7739 текущий максимум дипломов


номер итерации 300
[2, 1, 3, 5, 6, 4, 7, 8] текущие скоры, которые дают максимальное число дипломов
[2, 1, 3, 5, 6, 4, 7, 8] [2, 1, 3, 5, 6, 4, 7, 9] [2, 1, 3, 5, 6, 4, 7, 7]
7739 текущий максимум дипломов

Process finished with exit code 0
